47
4
0 1 1 0 0 1 1 1 1 1
1 0 0 1 0 0 0 1 1 1
1 0 0 1 1 1 0 1 0 1
0 1 1 1 1 0 0 0 0 1
0 0 1 1 0 1 1 0 1 0
1 0 1 0 1 0 1 1 0 1
1 0 0 0 1 1 1 0 0 0
1 1 1 0 0 1 0 1 0 1
1 1 0 0 1 0 0 0 0 1
1 1 1 1 0 1 0 1 1 0
1
1 0 1 0 1 0 1 0 0 1
0 0 1 1 0 1 0 1 0 1
1 1 0 0 0 0 1 0 1 0
0 1 0 0 1 0 0 1 1 1
1 0 0 1 1 1 1 1 0 0
0 1 0 0 1 1 1 0 0 1
1 0 1 0 1 1 0 1 0 0
0 1 0 1 1 0 1 0 0 1
0 0 1 1 0 0 0 0 1 0
1 1 0 1 0 1 0 1 0 0
5
0 1 0 0 1 1 0 0 1 1
1 1 0 0 1 1 0 0 0 0
0 0 0 0 1 1 0 0 1 1
0 0 0 0 1 1 0 0 1 0
1 1 1 1 0 0 0 1 0 0
1 1 1 1 0 1 0 0 1 0
0 0 0 0 0 0 0 0 1 1
0 0 0 0 1 0 0 0 1 1
1 0 1 1 0 1 1 1 0 1
1 0 1 0 0 0 1 1 1 1
2
0 1 1 1 0 1 1 1 1 1
1 1 1 1 1 1 0 0 0 0
1 1 1 0 0 0 1 1 1 1
1 1 0 0 0 1 0 1 1 0
0 1 0 0 0 0 1 0 0 0
1 1 0 1 0 0 0 1 1 0
1 0 1 0 1 0 0 0 0 0
1 0 1 1 0 1 0 1 0 0
1 0 1 1 0 1 0 0 0 0
1 0 1 0 0 0 0 0 0 0
3
1 0 0 0 1 1 1 0 1 1
0 1 0 0 1 1 0 0 1 1
0 0 0 1 0 0 0 1 0 0
0 0 1 1 0 0 0 1 0 1
1 1 0 0 0 1 1 1 0 0
1 1 0 0 1 0 0 1 1 1
1 0 0 0 1 0 0 1 1 0
0 0 1 1 1 1 1 1 1 0
1 1 0 0 0 1 1 1 1 1
1 1 0 1 0 1 0 0 1 0
35848169663249872
1 0 1 0 0 1 0 0 0 1
0 1 1 1 0 0 0 0 0 0
1 1 0 1 1 1 1 1 1 1
0 1 1 0 0 1 0 1 0 1
0 0 1 0 0 0 1 0 0 1
1 0 1 1 0 0 0 0 0 1
0 0 1 0 1 0 0 0 1 0
0 0 1 1 0 0 0 1 1 1
0 0 1 0 0 0 1 1 0 1
1 0 1 1 1 1 0 1 1 0
91593367258335312
0 1 0 1 0 0 1 1 1 0
1 0 0 0 0 0 1 1 1 0
0 0 0 1 0 1 0 0 0 1
1 0 1 0 0 1 0 0 0 1
0 0 0 0 1 0 1 0 0 1
0 0 1 1 0 0 0 0 1 0
1 1 0 0 1 0 0 1 0 1
1 1 0 0 0 0 1 0 1 0
1 1 0 0 0 1 0 1 0 0
0 0 1 1 1 0 1 0 0 1
89687216310263376
1 1 0 1 1 1 1 0 0 0
1 1 1 1 1 0 1 0 0 1
0 1 0 1 1 1 0 1 0 0
1 1 1 0 1 0 0 1 0 1
1 1 1 1 0 0 0 0 1 1
1 0 1 0 0 1 0 1 0 0
1 1 0 0 0 0 0 1 1 1
0 0 1 1 0 1 1 0 0 0
0 0 0 0 1 0 1 0 0 1
0 1 0 1 1 0 1 0 1 0
232495601
0 0 1 1 0 1 1 1 0 1
0 1 1 0 1 0 0 1 0 0
1 1 0 1 1 1 0 0 0 1
1 0 1 1 1 0 1 1 1 1
0 1 1 1 0 1 1 1 1 1
1 0 1 0 1 0 0 1 0 1
1 0 0 1 1 0 0 0 0 0
1 1 0 1 1 1 0 0 0 1
0 0 0 1 1 0 0 0 0 1
1 0 1 1 1 1 0 1 1 1
971557618
1 0 0 0 1 0 0 1 0 0
0 0 1 1 0 0 1 1 1 1
0 1 0 0 0 0 1 0 0 0
0 1 0 1 1 1 0 1 1 1
1 0 0 1 1 0 1 0 1 0
0 0 0 1 0 0 0 1 1 0
0 1 1 0 1 0 1 1 1 0
1 1 0 1 0 1 1 0 0 0
0 1 0 1 1 1 1 0 1 0
0 1 0 1 0 0 0 0 0 0
35229132111206472
1 1 1 1 0 0 1 1 1 1
1 0 1 0 1 0 1 1 0 0
1 1 0 1 0 1 0 1 1 1
1 0 1 0 1 1 1 1 0 0
0 1 0 1 0 0 0 1 1 0
0 0 1 1 0 1 1 1 0 1
1 1 0 1 0 1 0 1 1 1
1 1 1 1 1 1 1 0 0 1
1 0 1 0 1 0 1 0 0 1
1 0 1 0 0 1 1 1 1 1
704730008
0 1 1 1 0 1 0 0 0 1
1 0 0 0 0 1 0 1 0 0
1 0 0 1 1 0 0 1 1 0
1 0 1 0 0 0 0 0 0 0
0 0 1 0 0 1 0 1 1 1
1 1 0 0 1 0 1 1 1 1
0 0 0 0 0 1 0 1 1 0
0 1 1 0 1 1 1 0 0 1
0 0 1 0 1 1 1 0 0 1
1 0 0 0 1 1 0 1 1 0
5872607183332368
1 1 0 0 0 1 1 1 1 1
1 0 0 0 0 0 0 0 0 0
0 0 0 0 1 0 0 0 1 1
0 0 0 0 0 1 1 0 1 1
0 0 1 0 0 0 0 0 0 1
1 0 0 1 0 1 0 0 0 1
1 0 0 1 0 0 0 1 0 1
1 0 0 0 0 0 1 0 1 0
1 0 1 1 0 0 0 1 0 0
1 0 1 1 1 1 1 0 0 0
70696956064025248
1 1 0 1 0 1 1 0 0 0
1 0 1 0 1 0 0 1 1 1
0 1 1 1 1 1 0 1 0 1
1 0 1 0 0 1 1 0 1 1
0 1 1 0 0 1 1 0 0 0
1 0 1 1 1 1 1 0 0 0
1 0 0 1 1 1 0 0 1 1
0 1 1 0 0 0 0 0 0 0
0 1 0 1 0 0 1 0 0 0
0 1 1 1 0 0 1 0 0 0
529663652
0 0 1 1 0 0 1 1 1 0
0 0 0 0 1 1 0 0 1 1
1 0 1 0 1 0 1 1 1 0
1 0 0 0 1 1 0 0 0 0
0 1 1 1 0 0 1 1 0 1
0 1 0 1 0 1 1 1 1 0
1 0 1 0 1 1 1 1 1 0
1 0 1 0 1 1 1 0 0 1
1 1 1 0 0 1 1 0 0 1
0 1 0 0 1 0 0 1 1 0
321282054
0 1 1 0 1 1 0 1 1 1
1 1 1 1 1 0 0 1 0 1
1 1 1 0 1 1 0 1 1 1
0 1 0 0 0 0 0 0 0 1
1 1 1 0 1 0 1 0 1 1
1 0 1 0 0 0 0 0 1 0
0 0 0 0 1 0 0 0 1 1
1 1 1 0 0 0 0 0 0 1
1 0 1 0 1 1 1 0 0 1
1 1 1 1 1 0 1 1 1 1
920790982
0 1 0 0 0 0 1 1 0 0
1 0 0 1 0 1 0 1 1 1
0 0 1 0 1 1 1 1 1 0
0 1 0 0 0 0 0 1 0 1
0 0 1 0 0 1 0 0 0 0
0 1 1 0 1 0 1 0 1 1
1 0 1 0 0 1 0 0 1 1
1 1 1 1 0 0 0 1 0 1
0 1 1 0 0 1 1 0 0 0
0 1 0 1 0 1 1 1 0 0
857278731
1 1 0 1 1 1 0 0 0 1
1 0 1 0 0 1 0 0 1 1
0 1 0 1 1 1 1 1 1 0
1 0 1 1 0 0 0 0 1 1
1 0 1 0 1 0 0 0 1 1
1 1 1 0 0 0 0 0 0 0
0 0 1 0 0 0 1 0 1 0
0 0 1 0 0 0 0 0 0 1
0 1 1 1 1 0 1 0 0 0
1 1 0 1 1 0 0 1 0 0
32
0 1 1 0 0 1 1 1 1 1
1 0 0 1 0 0 0 1 1 1
1 0 0 1 1 1 0 1 0 1
0 1 1 1 1 0 0 0 0 1
0 0 1 1 0 1 1 0 1 0
1 0 1 0 1 0 1 1 0 1
1 0 0 0 1 1 1 0 0 0
1 1 1 0 0 1 0 1 0 1
1 1 0 0 1 0 0 0 0 1
1 1 1 1 0 1 0 1 1 0
44538619801291032
1 0 1 1 1 0 1 0 1 1
0 1 0 1 0 0 1 1 1 0
1 0 1 1 0 0 0 1 0 1
1 1 1 0 1 1 1 0 1 0
1 0 0 1 0 0 0 1 1 1
0 0 0 1 0 1 1 1 0 0
1 1 0 1 0 1 0 0 0 1
0 1 1 0 1 1 0 0 1 0
1 1 0 1 1 0 0 1 0 1
1 0 1 0 1 0 1 0 1 1
58694658396036848
0 1 0 0 0 0 0 0 1 0
1 0 0 0 1 0 0 0 1 1
0 0 0 0 1 0 1 1 0 1
0 0 0 0 0 1 1 0 1 1
0 1 1 0 0 1 1 1 1 1
0 0 0 1 1 0 0 0 1 1
0 0 1 1 1 0 0 1 1 0
0 0 1 0 1 0 1 0 0 0
1 1 0 1 1 1 1 0 0 0
0 1 1 1 1 1 0 0 0 0
37282030685187840
1 1 1 1 0 0 0 1 0 0
1 1 0 1 1 1 0 1 0 1
1 0 0 1 1 1 1 1 0 1
1 1 1 0 0 1 1 0 0 1
0 1 1 0 0 1 0 0 1 1
0 1 1 1 1 0 0 1 1 1
0 0 1 1 0 0 1 1 0 0
1 1 1 0 0 1 1 0 1 0
0 0 0 0 1 1 0 1 0 0
0 1 1 1 1 1 0 0 0 1
27797272487970048
0 0 1 1 1 0 1 0 0 1
0 1 0 0 0 0 1 1 0 1
1 0 0 1 1 0 1 0 0 0
1 0 1 1 0 0 1 1 1 1
1 0 1 0 0 1 1 1 0 1
0 0 0 0 1 1 1 0 0 0
1 1 1 1 1 1 0 0 1 1
0 1 0 1 1 0 0 1 1 0
0 0 0 1 0 0 1 1 0 1
1 1 0 1 1 0 1 0 1 0
170819897
0 1 0 0 1 1 1 1 0 1
1 1 0 0 1 1 0 1 1 0
0 0 0 0 0 0 1 1 1 0
0 0 0 1 0 0 0 1 1 0
1 1 0 0 0 0 0 1 0 1
1 1 0 0 0 0 1 0 1 1
1 0 1 0 0 1 1 0 0 0
1 1 1 1 1 0 0 0 0 1
0 1 1 1 0 1 0 0 0 0
1 0 0 0 1 1 0 1 0 1
945523923
0 1 0 0 1 0 1 0 0 1
1 1 0 1 1 1 1 1 0 0
0 0 1 0 0 1 0 1 1 0
0 1 0 0 1 0 0 1 1 1
1 1 0 1 0 0 1 0 0 1
0 1 1 0 0 0 1 0 1 0
1 1 0 0 1 1 1 1 1 0
0 1 1 1 0 0 1 1 1 0
0 0 1 1 0 1 1 1 0 0
1 0 0 1 1 0 0 0 0 1
61312664583932800
0 0 1 1 1 1 0 1 0 1
0 0 1 0 1 1 1 1 0 0
1 1 0 0 0 0 0 0 1 0
1 0 0 0 0 0 1 1 1 0
1 1 0 0 0 0 1 1 0 0
1 1 0 0 0 0 0 1 0 1
0 1 0 1 1 0 1 0 1 0
1 1 0 1 1 1 0 0 0 0
0 0 1 1 0 0 1 0 0 0
1 0 0 0 0 1 0 0 0 0
45328485225986448
1 0 0 0 0 1 0 0 1 1
0 0 1 1 0 0 0 1 1 1
0 1 1 0 1 0 0 0 1 1
0 1 0 0 1 1 1 0 0 0
0 0 1 1 0 0 0 0 1 0
1 0 0 1 0 0 1 1 1 1
0 0 0 1 0 1 0 1 0 0
0 1 0 0 0 1 1 0 0 1
1 1 1 0 1 1 0 0 1 1
1 1 1 0 0 1 0 1 1 1
33641610683360192
0 1 1 1 1 1 1 0 0 0
1 1 0 0 1 0 1 0 0 1
1 0 0 0 0 1 0 1 0 0
1 0 0 0 1 0 1 1 1 1
1 1 0 1 0 1 1 1 0 1
1 0 1 0 1 1 1 0 1 1
1 1 0 1 1 1 0 1 0 0
0 0 1 1 1 0 1 0 0 0
0 0 0 1 0 1 0 0 0 1
0 1 0 1 1 1 0 0 1 1
273502804
1 0 1 0 1 0 1 0 0 1
0 0 1 1 0 1 0 1 0 1
1 1 0 0 0 0 1 0 1 0
0 1 0 0 1 0 0 1 1 1
1 0 0 1 1 1 1 1 0 0
0 1 0 0 1 1 1 0 0 1
1 0 1 0 1 1 0 1 0 0
0 1 0 1 1 0 1 0 0 1
0 0 1 1 0 0 0 0 1 0
1 1 0 1 0 1 0 1 0 0
500235882
0 0 0 0 1 0 1 0 1 0
0 1 0 1 0 0 0 1 0 1
0 0 0 0 1 0 1 1 1 0
0 1 0 1 1 0 0 1 1 1
1 0 1 1 0 0 0 1 0 0
0 0 0 0 0 0 0 0 0 1
1 0 1 0 0 0 0 1 0 1
0 1 1 1 1 0 1 0 1 1
1 0 1 1 0 0 0 1 0 0
0 1 0 1 0 1 1 1 0 0
8
0 0 0 1 0 0 1 1 1 0
0 0 0 0 1 1 0 0 1 1
0 0 1 1 0 1 1 0 1 1
1 0 1 0 1 0 0 1 1 1
0 1 0 1 0 1 1 0 1 1
0 1 1 0 1 0 1 1 1 0
1 0 1 0 1 1 0 1 1 0
1 0 0 1 0 1 1 0 1 1
1 1 1 1 1 1 1 1 0 0
0 1 1 1 1 0 0 1 0 0
86063113022799184
0 0 1 1 0 1 0 1 1 0
0 1 0 0 0 0 1 1 1 0
1 0 0 0 0 1 1 0 1 1
1 0 0 0 1 0 1 0 1 1
0 0 0 1 0 0 1 1 1 0
1 0 1 0 0 1 1 0 0 0
0 1 1 1 1 1 1 1 0 0
1 1 0 0 1 0 1 0 0 1
1 1 1 1 1 0 0 0 0 0
0 0 1 1 0 0 0 1 0 0
960738698
0 1 0 1 1 1 1 0 1 1
1 1 1 0 0 1 0 0 1 1
0 1 0 1 1 1 1 1 1 1
1 0 1 0 1 1 0 0 1 0
1 0 1 1 0 0 1 0 0 0
1 1 1 1 0 0 0 0 1 0
1 0 1 0 1 0 0 0 1 1
0 0 1 0 0 0 0 0 1 1
1 1 1 1 0 1 1 1 1 0
1 1 1 0 0 0 1 1 0 0
2776630296979843
0 1 0 1 1 1 0 0 0 1
1 1 0 1 1 0 0 1 0 1
0 0 0 0 0 0 0 1 0 0
1 1 0 0 0 0 0 1 1 0
1 1 0 0 1 0 1 1 0 1
1 0 0 0 0 1 0 1 1 1
0 0 0 0 1 0 1 0 0 1
0 1 1 1 1 1 0 0 0 0
0 0 0 1 0 1 0 0 0 1
1 1 0 0 1 1 1 0 1 1
659053973
0 1 1 0 1 0 1 0 0 1
1 1 1 1 1 0 1 1 1 1
1 1 0 1 1 1 1 1 0 0
0 1 1 0 1 1 1 0 1 1
1 1 1 1 0 0 1 0 1 1
0 0 1 1 0 0 1 1 0 1
1 1 1 1 1 1 0 0 0 1
0 1 1 0 0 1 0 1 0 1
0 1 0 1 1 0 0 0 0 1
1 1 0 1 1 1 1 1 1 0
682677234
0 0 1 0 0 1 0 0 1 0
0 0 1 1 0 0 0 0 1 0
1 1 1 0 1 1 0 0 0 1
0 1 0 0 0 0 0 0 1 0
0 0 1 0 0 0 0 1 1 0
1 0 1 0 0 0 1 0 0 1
0 0 0 0 0 1 1 1 0 0
0 0 0 0 1 0 1 0 1 1
1 1 0 1 1 0 0 1 0 1
0 0 1 0 0 1 0 1 1 0
890586967
1 1 0 1 1 1 0 0 1 1
1 0 1 1 1 0 0 1 0 1
0 1 1 1 1 1 1 1 0 1
1 1 1 0 1 0 0 0 1 1
1 1 1 1 0 1 0 1 1 1
1 0 1 0 1 0 1 0 0 0
0 0 1 0 0 1 0 1 1 1
0 1 1 0 1 0 1 1 1 1
1 0 0 1 1 0 1 1 0 1
1 1 1 1 1 0 1 1 1 0
49947536886065560
0 1 0 0 1 0 1 0 0 1
1 0 1 1 0 0 1 0 0 1
0 1 1 1 1 0 0 0 1 0
0 1 1 1 0 1 0 1 0 0
1 0 1 0 0 1 1 0 1 0
0 0 0 1 1 0 1 1 1 0
1 1 0 0 1 1 0 0 1 0
0 0 0 1 0 1 0 1 1 0
0 0 1 0 1 1 1 1 1 0
1 1 0 0 0 0 0 0 0 0
39074030046961616
0 0 1 0 0 1 1 1 0 1
0 0 1 1 1 0 1 1 1 1
1 1 1 1 0 1 0 0 0 1
0 1 1 1 0 1 1 1 1 0
0 1 0 0 0 0 1 0 1 0
1 0 1 1 0 0 1 0 1 1
1 1 0 1 1 1 0 1 1 0
1 1 0 1 0 0 1 0 0 1
0 1 0 1 1 1 1 0 1 0
1 1 1 0 0 1 0 1 0 0
42712873382767648
0 0 0 1 1 0 0 0 0 0
0 0 0 0 1 0 1 1 0 1
0 0 0 0 0 1 1 0 1 1
1 0 0 0 1 1 0 0 0 0
1 1 0 1 1 0 0 1 0 0
0 0 1 1 0 1 0 1 1 1
0 1 1 0 0 0 0 1 1 0
0 1 0 0 1 1 1 0 0 0
0 0 1 0 0 1 1 0 0 0
0 1 1 0 0 1 0 0 0 1
83134786293214928
0 0 0 0 1 1 1 0 0 1
0 1 0 1 1 0 0 0 1 0
0 0 1 1 0 0 0 0 1 0
0 1 1 0 1 0 0 0 1 0
1 1 0 1 1 0 1 1 1 0
1 0 0 0 0 0 1 0 1 0
1 0 0 0 1 1 0 1 1 1
0 0 0 0 1 0 1 0 0 1
0 1 1 1 1 1 1 0 0 1
1 0 0 0 0 0 1 1 1 0
4
0 1 0 1 1 1 1 0 1 1
1 0 1 1 0 1 1 1 1 0
0 1 1 1 1 0 0 0 0 1
1 1 1 0 1 0 1 1 1 1
1 0 1 1 1 1 0 0 0 1
1 1 0 0 1 0 0 0 0 1
1 1 0 1 0 0 0 0 0 1
0 1 0 1 0 0 0 0 0 1
1 1 0 1 0 0 0 0 1 0
1 0 1 1 1 1 1 1 0 0
44938450563019504
1 1 1 1 1 0 0 1 0 0
1 0 1 0 0 0 0 0 1 1
1 1 0 1 0 1 1 1 1 0
1 0 1 1 1 1 1 0 1 1
1 0 0 1 0 0 0 0 0 0
0 0 1 1 0 1 0 0 1 1
0 0 1 1 0 0 0 0 0 1
1 0 1 0 0 0 0 0 1 1
0 1 1 1 0 1 0 1 0 0
0 1 0 1 0 1 1 1 0 0
55783968264174720
0 1 1 1 1 0 0 1 1 1
1 0 0 0 0 0 0 0 1 1
1 0 0 1 0 1 1 1 1 1
1 0 1 1 0 0 0 1 0 0
1 0 0 0 1 0 1 1 0 0
0 0 1 0 0 1 1 1 0 1
0 0 1 0 1 1 1 1 1 1
1 0 1 1 1 1 1 0 0 0
1 1 1 0 0 0 1 0 1 0
1 1 1 0 0 1 1 0 0 0
8962681651934012
0 1 0 0 1 0 1 1 0 0
1 1 1 0 0 1 0 0 0 0
0 1 0 1 0 1 0 1 0 0
0 0 1 0 0 1 1 0 1 0
1 0 0 0 1 1 1 0 1 0
0 1 1 1 1 0 1 1 1 1
1 0 0 1 1 1 1 0 0 1
1 0 1 0 0 1 0 1 1 0
0 0 0 1 1 1 0 1 1 1
0 0 0 0 0 1 1 0 1 1
51826782981322120
0 1 0 1 1 0 0 1 0 0
1 0 1 0 1 1 1 0 0 1
0 1 0 1 1 1 0 1 1 1
1 0 1 1 1 0 1 1 0 0
1 1 1 1 0 0 1 1 0 0
0 1 1 0 0 0 1 1 0 1
0 1 0 1 1 1 0 1 1 1
1 0 1 1 1 1 1 0 1 0
0 0 1 0 0 0 1 1 1 1
0 1 1 0 0 1 1 0 1 0
26505791064994400
1 0 0 0 0 0 1 1 0 1
0 0 0 0 0 1 0 0 0 0
0 0 1 1 1 1 0 1 0 1
0 0 1 0 0 0 0 0 1 0
0 0 1 0 1 1 0 1 0 1
0 1 1 0 1 0 0 0 1 0
1 0 0 0 0 0 0 1 1 0
1 0 1 0 1 0 1 0 0 0
0 0 0 1 0 1 1 0 1 0
1 0 1 0 1 0 0 0 0 0
