32
2 1 10
20 0 0 100
8 0 0 100
2 1 10
20 0 0 100
12 0 0 100
2 2 10
20 0 0 100
12 0 0 100
4 1 1
105 7 23 1000
14 201 1 1005
3 3 1000
400 1 400 2000
800 1 800 2000
20 3 1
24 834 83 1293
8 328 27 1281
20 14 1069
72 45 12 2345
94 78 9 8124
40 18 9999
823 783 91 98123
984 628 91 72345
50 20 12000
888 2 8745 87234
823 2 7616 87235
100 65 981246
7 7789 7873 9000
0 0 1 87134
200 5 87235823
76 824 999 9999999
1 9 6 999999
200 196 105
98345 722 711 1000000
74353 810 810 1000000
300 25 10005
5 8 6 10000
72 6 9 12000
300 2 913908627
5 982 72 909000
73 333 15 600870
441 14 40040
4 14 14 411414
414 41 441 444114
500 12 5
987 6 3 10000
635 3 6 10000
604 302 1000
600 43 0 601
450 10 2 601
700 700 1
999 999 999 9999
999 999 999 9998
800 1 999999999
1234 1000000 1 1000000000
5678 1000000 1 1000000000
900 75 1024
64 32 16 4096
128 8 1 4096
1111 1 1
500000000 1 999999999 1000000000
0 0 0 1
1111 1 1
700000000 1 999999999 1000000000
1 1 1 1000000000
1111 1 1000
500000000 1 999999999 1000000000
1 1 1 1000000000
1111 1 1000
900000000 1 999999999 1000000000
10457 90385 82735 100000000
1111 1 25
500000000 1 999999999 1000000000
10457 90385 82735 100000000
1101 1 123456
500000000 1 999999999 1000000000
9234753 2354862 2372387 100000000
1105 1 999999999
500000000 1 999999999 1000000000
705030 995401 1134095 100000000
1110 100 1
1 1 1000 1000000000
1 1 1000 1000000000
1000 500 1000000000
999999999 1 0 1000000000
999999999 1 0 1000000000
1000 1000 999000000
999000000 1 12 1000000000
888000000 1 4096 1000000000
1110 1 1000000
900000000 1 999999990 999999999
1 2 3 9999999
1100 1 999999999
999999999 1 999999900 1000000000
900 990 999 100000000
