307
1 10
3
1 10
-3
2 2
2 2
5 3
-1 1 0 -2 -1
10 10
3 -10 -1 4 9 3 -6 1 6 -10
50 25
13 9 22 10 10 21 17 -8 7 15 14 10 -4 23 2 15 -3 18 17 9 -1 17 15 10 21 10 -4 14 17 1 -4 -3 23 -4 19 2 16 -1 9 21 -7 9 20 10 11 20 7 18 17 10
28 32
-1 7 8 30 -28 -11 -1 -7 -31 -19 -3 14 21 18 7 9 -27 9 30 0 3 21 32 25 26 -19 -1 4
30 20
16 17 17 16 9 10 19 7 8 0 14 8 13 19 9 19 20 7 6 16 7 19 1 6 10 10 8 1 14 16
41 11
-11 -7 -1 5 -5 -5 -11 -6 3 0 -11 -3 -1 0 -4 -10 -7 -10 -2 0 -2 -3 -2 -10 0 -2 0 -1 0 -1 0 -7 -8 -5 -1 -3 -1 -3 -1 -3 -1
42 29
-1 -10 -16 4 -5 9 27 -3 -21 8 -1 -19 14 -4 -6 2 -15 0 -1 27 -5 -18 -16 12 13 -22 -26 -13 -11 25 -24 15 27 22 -23 3 -21 9 26 -21 12 15
35 16
7 10 16 0 16 1 7 14 13 16 16 15 14 2 13 4 6 16 10 13 16 6 4 -16 10 11 13 10 0 14 14 13 -5 -1 8
26 20
-17 0 -12 -8 -18 -9 0 14 -17 -6 -5 -18 -5 -7 -5 0 -8 -8 -18 -8 -10 0 -6 -7 -9 -7
28 41
39 25 12 8 38 25 -13 6 15 8 -29 -22 15 40 -11 -7 -40 29 3 10 -39 -6 20 5 -4 28 16 -31
11 35
26 20 35 28 20 3 9 14 18 26 2
6 1
0 0 -1 -1 -1 0
44 26
-13 -21 7 -10 -3 -20 -2 -18 -12 -10 -16 -2 -13 -3 22 -20 24 -10 -3 -6 -13 -6 8 -24 -7 8 -24 -10 -16 -22 26 -18 -14 -15 -24 11 -4 -13 24 -21 14 25 5 -2
1 40
-36
19 21
-18 3 -1 16 -11 -9 -18 -17 -13 -1 -1 -11 21 -6 -15 -3 -5 -16 -14
38 35
-26 27 -5 -10 18 0 -28 7 11 16 0 28 29 -24 34 -17 -26 19 3 1 21 -24 -10 -3 31 35 32 -8 -19 -16 -19 -17 17 15 17 24 1 18
43 16
13 16 9 14 4 1 14 4 1 7 13 15 15 3 1 2 9 7 15 13 10 14 3 10 14 1 -5 8 3 5 14 16 12 -1 9 13 2 0 -7 0 16 3 5
41 20
-20 -1 -15 -2 -12 -1 -20 -19 -17 0 -20 -19 -19 -19 13 -3 -7 -19 -10 6 -14 -8 -7 -5 -9 -18 -20 -2 -8 -2 -15 -19 -3 -16 -13 -10 -20 -6 9 -1 -12
17 38
37 35 12 21 -10 4 30 -11 4 -35 -15 9 5 27 -6 -35 -30
18 28
1 6 4 24 13 15 20 24 19 -26 11 16 26 -19 7 0 9 6
14 47
6 -28 -31 21 -45 -8 -8 -39 -12 -7 -3 0 -44 -7
35 36
-1 28 -10 -15 -9 -24 2 18 -35 -12 33 -23 25 -24 -5 11 9 4 31 -33 -35 9 -3 -28 3 -1 23 22 24 -11 31 7 -31 -7 22
3 7
4 6 7
34 22
-19 -12 -3 -20 -1 5 -14 -20 -13 16 -22 -22 -22 -19 -3 -11 -5 -10 -3 -13 -2 0 -12 -10 0 9 -3 -2 -13 15 -12 -1 -8 -22
33 27
-25 2 4 -7 -13 18 -11 -7 -10 21 -9 19 7 16 14 -18 -16 -1 24 1 17 19 21 24 -25 23 -27 27 13 -6 16 -13 19
30 7
4 2 5 4 4 3 6 3 2 2 2 2 6 -2 1 4 -6 0 6 5 0 7 7 7 1 0 1 6 1 5
3 37
-30 -7 -32
14 11
0 -7 5 5 -8 9 7 -6 7 -5 11 3 9 5
37 27
12 23 26 4 27 19 5 9 4 19 23 14 16 18 24 21 4 8 15 15 8 14 24 -11 18 23 13 20 26 25 2 25 27 11 -17 9 3
38 16
9 -6 -11 -7 -8 -7 3 -12 -15 -12 0 -3 -5 -3 -6 -11 -7 0 -12 -14 -12 8 -13 8 -10 -8 -4 -16 -3 -11 -13 14 -12 -6 -1 -7 0 -15
15 26
-12 23 5 -3 -1 -12 10 10 24 -24 26 13 5 19 -19
38 29
8 27 18 6 9 9 -25 20 -8 10 11 22 8 15 16 0 16 14 18 19 21 -2 12 25 28 27 11 18 0 -27 15 -1 -23 13 28 10 16 9
11 18
-12 -15 -8 -8 -14 -16 -3 -5 -17 -11 9
25 4
0 -2 0 -1 1 -4 -3 0 1 4 3 -3 2 1 2 -1 3 1 1 -2 2 -1 4 2 4
16 11
-7 1 4 1 4 7 0 3 7 1 4 9 9 8 5 4
30 47
-24 -26 -11 -34 -19 -36 -17 -2 -36 -39 -38 -1 -15 -28 -21 -43 -43 -14 -43 14 -3 22 -19 -44 6 -10 1 -42 -43 -42
17 15
7 -13 5 3 -15 -8 12 -6 -10 -15 -11 13 -9 -5 -11 -15 3
42 40
5 10 10 34 16 8 35 27 19 14 14 11 37 15 9 -14 35 40 37 22 11 -29 15 27 24 21 17 8 3 24 34 26 5 -3 3 17 14 14 4 4 22 7
22 31
31 -8 -21 -8 -1 -10 -19 -21 -23 -15 -31 -7 -28 -13 -18 -6 2 -13 -16 7 20 -29
45 1
0 0 1 -1 0 1 1 1 1 0 0 1 1 0 0 0 1 0 -1 0 -1 1 0 1 0 1 0 1 -1 1 0 0 -1 0 1 -1 0 0 1 1 0 -1 -1 1 -1
18 41
3 32 -29 21 33 20 9 1 32 16 -13 -33 34 22 7 31 1 9
7 50
-49 -32 -42 -32 25 -8 -17
34 18
-7 -17 14 -13 18 17 7 0 16 -17 -10 15 15 9 -6 8 -5 -1 -11 8 -1 1 17 11 17 6 -12 16 -12 11 9 6 4 -12
42 25
-13 -10 18 3 24 19 9 0 2 0 16 6 8 -14 24 19 13 22 4 2 19 13 2 -3 8 -19 4 20 12 9 18 2 12 9 7 -13 9 6 8 16 17 3
23 40
-19 -29 -5 -22 36 0 -32 -15 -9 40 -32 -18 -14 5 -39 -14 -2 -30 -23 -3 -19 -11 -23
26 16
-14 -7 -7 -10 -6 4 -6 -11 15 -16 -2 -7 10 -11 -14 6 16 7 -16 -7 -13 7 -2 -16 -6 -5
49 26
6 13 2 15 16 21 16 17 20 10 20 4 6 0 16 24 22 1 12 -25 14 -9 4 9 6 19 12 21 11 23 4 15 3 22 16 14 20 21 11 10 3 19 5 16 15 2 20 0 8
3 22
0 -15 -15
1 34
-20
49 16
7 11 14 1 7 7 13 12 2 15 4 13 8 9 3 10 6 5 4 13 14 6 -5 4 6 1 1 4 14 10 15 5 -7 8 7 16 2 1 3 15 5 7 1 1 2 10 2 5 8
35 28
-3 -2 -6 -11 -19 -11 -19 -16 -22 -7 1 -7 0 -4 -11 -14 -14 -12 -23 23 20 -4 -6 -1 -26 -11 11 -18 -13 -25 15 -24 -8 -10 -3
13 31
9 29 -30 11 -1 22 -17 -2 -10 -9 30 -31 -2
13 50
43 30 22 6 32 33 21 31 36 26 -46 -44 -7
30 17
-15 -3 -1 -11 -11 -5 -1 -5 -4 -17 -6 -1 -11 -7 -7 12 -3 -1 -10 -15 0 -4 -9 -5 -1 -4 -15 -14 0 -14
30 36
-23 11 -22 -10 6 -31 -5 24 25 26 29 32 1 14 25 14 3 18 23 12 -16 -35 35 -29 -17 25 -9 19 -10 -33
30 43
-24 26 41 10 33 30 18 31 2 19 -11 30 22 0 6 31 13 38 12 40 31 1 17 5 26 -1 -39 37 -23 33
27 19
3 4 -19 -16 -16 -1 -1 -19 -13 -14 -8 9 -13 18 -15 -7 -1 6 -6 -16 13 -3 -19 -13 -18 -14 -5
42 29
7 -4 18 15 10 14 -15 -3 7 -20 -13 16 -6 -24 19 24 -25 17 -1 24 3 -27 -11 -3 20 13 12 -12 14 1 26 20 17 -21 20 -12 23 -9 10 14 0 -6
15 26
16 1 7 5 5 5 24 20 2 7 23 12 19 10 9
49 21
-20 -3 0 -13 -10 -15 -21 -12 -3 11 -2 -2 -10 -15 -5 0 -21 -20 -12 -3 -1 -7 -6 -20 -8 -10 -14 -4 -12 -20 -6 -6 -1 -9 -2 -15 19 -3 -14 -11 -7 -3 -9 -13 -5 -20 -5 -7 -16
42 20
2 3 15 7 3 10 18 3 12 4 9 19 -9 -11 -1 -17 -11 -14 -4 10 -9 -6 18 0 20 7 9 -7 3 -2 17 12 13 -4 11 -1 -15 -18 -15 2 -3 20
48 23
-12 15 -9 1 18 1 11 16 23 7 1 1 18 11 2 8 22 2 20 19 9 9 -23 12 19 3 2 5 16 10 11 18 10 20 13 3 18 4 1 16 23 11 2 7 15 -20 15 11
50 30
-28 -24 -25 -28 -15 -27 -25 -28 -17 18 -15 16 -1 -27 -24 -17 -14 -15 -28 -15 -26 -16 -29 -6 -3 -17 0 -7 -21 -23 -6 -30 -15 -24 -6 -6 -21 -5 -29 -12 -7 4 -27 -9 -11 -20 -30 -10 -11 -22
6 46
24 25 3 28 7 -34
38 11
-3 5 -2 -5 11 3 2 -9 3 9 11 6 6 1 11 10 6 11 3 5 11 5 11 2 0 6 4 0 6 3 4 7 0 0 8 8 8 11
13 25
-24 -16 -25 0 -22 -19 -7 25 -4 -16 -10 -11 -7
4 27
22 25 -17 22
14 31
16 31 15 -26 0 31 9 8 -16 7 21 29 25 4
49 27
9 -6 -7 -8 -4 0 -21 -17 -1 1 -4 -3 -23 -23 -2 -21 -11 -22 -23 -21 -10 25 -1 -11 1 -27 -20 21 -15 -2 -27 0 -1 -16 -23 -3 -24 -19 -2 20 -5 -5 -6 -24 -21 -18 -12 -24 24
36 1
1 1 0 -1 -1 0 -1 -1 1 -1 0 -1 0 -1 -1 1 1 -1 -1 -1 0 0 -1 0 -1 -1 1 -1 -1 0 1 0 0 0 -1 0
23 1
1 1 1 0 -1 0 1 0 1 0 0 1 0 0 0 0 0 1 0 0 1 1 -1
1 1
-1
6 36
36 6 13 12 -24 11
4 4
4 1 0 2
37 19
-9 -14 -1 -13 -16 -18 -10 -16 -8 1 -18 13 -2 -13 -6 -2 -1 -6 -13 -17 -8 -2 10 -16 -9 -6 -7 9 -7 -9 -7 18 -5 -2 -16 -15 -18
41 21
21 3 18 20 -2 -13 21 -20 13 12 12 9 21 8 9 16 -20 -9 2 -4 1 -18 3 -17 19 4 -18 -21 -1 13 -12 7 -17 14 1 -21 18 8 10 17 -15
4 38
19 6 5 23
45 5
0 -2 -1 -4 -5 0 0 4 -1 -3 0 -4 -1 -4 -5 -5 -5 1 -1 -1 -2 -5 0 -4 -2 -4 -2 -1 -3 -4 -4 0 -3 -4 0 -1 -1 -5 -4 0 0 -5 -4 -4 -2
33 39
-19 10 27 -28 -2 -28 25 18 -11 0 17 38 -26 23 -8 -15 16 9 -7 32 -14 26 19 -4 -13 -16 -27 -34 5 -1 -34 -30 -28
18 8
7 2 6 2 7 5 2 0 2 5 8 6 1 3 -8 2 4 2
23 34
-13 -2 3 -5 -24 -22 -29 -9 -26 -3 -16 0 -27 -29 -22 -26 -30 -11 -23 -26 -17 -15 -1
20 13
11 -9 9 3 13 5 0 -13 -6 -11 12 -8 6 11 -9 -8 -2 8 -12 -1
43 48
10 10 35 -42 44 23 38 10 25 -11 4 44 37 29 1 34 1 0 26 13 35 17 32 25 30 32 24 22 12 4 41 -21 6 13 -11 -2 35 35 47 12 29 35 25
30 12
0 5 -9 -9 -12 -1 0 -2 -6 -5 -12 0 -5 -10 -1 0 0 -9 -10 -4 -11 11 -12 -10 -12 0 0 -2 -4 -2
7 25
-21 -17 13 12 -11 -3 1
8 41
35 20 19 8 39 15 7 37
39 40
-2 -21 -9 -13 -6 37 -4 -7 -19 -13 -17 -35 -27 -26 -17 -13 -7 -39 -40 -16 -26 -38 -24 -27 -16 -32 -17 -22 -5 -3 32 -33 -8 -21 -11 -1 -6 -21 -16
47 27
-7 12 15 9 -8 -7 26 5 -6 -3 -13 9 -14 -21 -24 2 -18 26 15 2 17 15 -23 15 18 15 7 -25 27 3 8 -5 27 -19 -15 23 -12 1 14 -2 26 -11 4 -22 26 22 -7
10 13
10 13 5 0 5 -1 6 5 9 3
48 31
-6 -17 -17 -1 -25 -12 7 -11 -13 26 -5 20 -22 12 -16 -12 -14 -3 -7 -9 -12 -6 -5 -12 11 21 -4 -15 -25 -9 -10 -10 -10 -14 -12 -26 -17 -6 -18 -8 -20 -9 7 -30 -5 -27 -15 -23
50 44
-35 -4 -29 38 -4 8 -19 -1 -11 4 -44 -13 0 -24 -33 16 -33 -27 29 -37 -33 17 34 -6 -4 21 -11 9 -36 -3 35 3 11 -12 30 -28 -17 -29 31 23 -17 43 12 -39 5 13 33 11 30 39
25 28
16 25 17 8 4 3 12 25 19 17 -21 7 4 6 20 -7 6 24 28 10 6 -22 23 9 14
29 17
-8 12 7 -11 -7 -17 -17 -10 -13 -5 -5 -1 -17 -6 -1 -2 3 -3 12 -7 -14 -6 -16 -9 -2 -17 -2 -11 17
36 11
7 11 -3 -10 -2 2 -11 -5 5 -5 -5 -3 -2 7 -4 7 -10 5 3 8 -9 6 10 5 -7 -9 -6 7 -7 10 -3 -3 -5 -1 7 -1
7 39
17 26 12 8 4 35 21
12 26
8 -13 -6 0 -25 -24 -2 -13 -12 0 3 -24
47 2
-2 1 0 1 2 1 2 -2 1 1 -1 1 -2 1 -1 2 0 -1 -1 2 1 2 2 -1 2 -2 0 2 2 0 -2 1 0 0 2 -1 0 2 1 2 2 1 -2 0 2 -1 1
41 13
0 2 10 2 13 13 3 8 2 12 7 12 5 1 10 7 8 6 -4 11 5 8 10 11 2 9 -7 10 5 2 1 0 11 13 1 3 4 13 0 3 8
41 32
-22 -22 -18 -27 -27 -8 21 -11 0 -7 -9 -5 -27 -28 -15 -18 -1 -3 -13 -6 -23 -22 -31 -2 -17 -14 -1 -15 -11 -3 3 -18 -29 -26 -31 -7 3 -8 -16 -27 0
36 32
-1 10 -9 -9 24 30 9 4 29 18 27 -21 24 20 22 -5 -22 6 -1 14 -14 10 18 4 -31 -21 20 7 -7 -19 4 11 -9 16 -17 20
29 18
10 10 2 1 7 0 1 7 2 1 8 11 13 -16 13 12 11 3 6 0 14 16 5 7 11 12 -2 11 8
17 50
-24 -23 -11 -2 -28 -3 -36 -47 -12 -41 -21 0 -17 -20 -24 -29 -31
6 5
3 2 -2 -3 -3 1
3 34
26 -9 24
49 35
-18 -23 19 -10 -21 -21 -24 -21 -31 26 -27 -30 -35 -15 -30 -10 -14 0 0 -22 -23 30 -11 -28 -6 -5 -12 -27 -23 -4 -14 -24 -13 -5 -30 -4 -28 -30 -23 -13 -8 -13 -8 -29 -33 -24 -8 -19 -30
20 17
-11 -1 -5 5 1 -2 -17 8 -1 -16 -3 7 12 -8 -6 10 6 11 1 3
25 40
11 8 -13 13 5 6 23 6 31 -26 36 40 12 -6 30 40 20 39 16 7 11 38 -33 13 7
18 30
-3 -27 -27 -28 -27 -13 -3 -22 2 -20 28 -26 -9 -10 -20 -5 -28 -22
21 41
38 30 -10 11 -20 -16 10 38 -39 3 -12 5 37 -27 -14 -22 5 -24 -36 -9 -39
40 44
35 6 42 3 0 19 20 7 14 6 8 26 39 43 39 25 17 36 39 43 30 17 26 44 16 38 10 30 21 30 27 -20 42 4 44 21 0 34 40 6
6 32
-5 -11 -6 -13 -2 0
46 38
-15 -21 15 -6 32 12 22 21 3 -6 13 -34 6 -15 -30 -19 -27 19 -3 -2 -28 -13 -35 23 -9 -36 -23 -15 9 -13 -31 -27 -27 24 35 27 -32 -38 -13 -36 -13 -14 -14 22 -34 16
11 30
1 30 4 1 -7 -3 26 30 -27 18 10
20 24
-10 -14 1 -22 -8 -5 -10 -1 -16 -5 -4 -18 -23 -9 -3 -23 -2 -11 -1 -8
30 3
2 1 -1 -1 2 1 -1 -3 1 -3 -1 0 -3 1 0 -3 3 -2 -2 -3 -2 3 1 3 1 0 3 2 0 3
31 17
14 17 1 10 -15 7 -16 2 8 1 9 4 15 17 2 14 1 7 1 -6 7 13 0 13 11 6 11 6 4 10 13
48 46
-35 -24 -28 -19 -14 -6 -18 -15 -4 -3 -22 -16 -17 -10 -18 16 -18 -26 -9 -10 -40 -41 0 -1 -7 -26 -34 -5 -34 -10 -9 34 -11 -16 -23 -21 -31 -21 -10 -25 -2 -29 -34 -16 -29 -43 -26 -12
40 35
-34 33 -4 26 -11 27 32 2 -17 -2 -5 -21 -16 21 -8 18 10 -29 15 1 -31 26 13 -8 -18 -9 6 -14 16 -14 -9 -28 -30 -33 -28 28 32 -18 -28 3
35 24
-2 15 13 11 -2 0 12 22 -15 17 19 24 9 7 22 14 20 8 0 7 11 14 24 3 11 7 24 3 21 9 22 12 5 2 -19
35 12
-5 -11 -11 0 -3 -5 -1 -9 -5 -8 -5 -3 -10 -3 -4 0 6 12 -7 -8 -8 -2 -11 -4 -2 -11 -3 -9 -3 -1 -2 -11 -4 -12 -4
33 26
-11 6 2 16 -8 7 -19 4 20 25 16 25 2 11 -11 -4 -17 -4 18 14 -25 -12 8 25 20 -19 16 23 13 -3 -14 -3 -19
49 12
0 8 12 4 7 10 5 1 -6 10 10 5 -11 0 3 2 5 8 5 8 1 7 4 4 8 2 11 8 7 1 5 4 -10 -8 0 1 -2 4 10 4 1 9 0 11 10 0 8 6 6
47 43
7 -8 -36 -40 -36 -24 -24 -42 -33 -12 -20 -14 -7 -31 -23 -19 -24 -19 -11 -39 -10 -3 -19 -21 -15 -38 -34 -2 -2 -30 -24 -20 27 -24 -23 -32 -16 -12 -22 -3 -20 -14 -23 -20 -1 -13 -41
9 39
11 30 -11 -20 21 -9 7 27 -16
30 6
1 0 0 6 5 2 4 4 4 2 1 4 0 6 1 2 -5 3 3 4 5 -1 2 6 3 3 6 -4 5 3
36 48
-36 -9 10 -40 -27 -47 23 27 -15 -21 26 -15 -39 15 -26 -27 -2 33 -8 -28 -26 15 -9 -29 -32 -44 -38 -32 -27 -47 -33 0 -37 -19 48 -5
11 26
17 -10 -11 -11 16 20 0 10 6 3 -9
42 34
33 26 19 32 4 31 19 29 22 2 14 9 5 2 10 27 2 17 16 14 9 17 3 7 31 4 0 30 19 3 0 8 20 -27 31 7 18 9 28 25 34 0
44 26
-5 -2 -25 -13 -3 -24 23 -10 -17 -12 -9 0 -18 -26 0 -4 -6 -21 -25 -13 -17 -9 -20 -7 -20 -22 -15 -26 0 -18 -6 -18 -7 -12 -17 -3 -19 -3 -17 -9 -13 -9 -24 -7
15 32
-19 -31 21 17 30 -25 -16 22 -5 14 -23 12 12 -10 12
29 19
12 5 18 5 19 9 10 13 11 7 4 1 8 17 6 12 -11 14 -3 1 16 14 1 10 13 17 -6 18 13
7 31
-4 20 -24 -10 23 -9 -6
28 12
-10 10 11 1 -3 1 -1 -8 -11 -7 11 -7 2 4 -9 11 -3 4 3 4 -10 -11 -11 -7 -8 8 2 -8
3 9
8 1 -7
30 4
0 -2 -4 -3 -1 -2 -3 -1 -1 -1 -4 -2 -4 -1 -4 -4 -4 -3 0 -2 -4 -3 -2 -3 -3 -3 -3 -4 -1 -3
25 43
10 26 33 -33 34 12 31 5 25 -37 23 5 -31 -23 -14 -31 -32 29 -42 -27 23 -22 -29 -30 10
31 3
-1 3 3 -2 2 3 -1 2 1 1 2 3 -3 2 2 0 -2 0 2 3 3 2 2 3 1 3 2 0 2 2 0
8 35
-10 -27 -35 -25 -29 -13 -33 11
38 17
0 11 -13 5 -16 -16 11 11 13 -2 15 16 7 -1 -8 5 10 -13 -7 -13 1 -15 1 -9 -10 -10 -11 2 -17 -17 -14 -4 -3 7 16 -5 11 -8
9 48
33 35 34 7 41 -31 45 40 25
49 42
-38 -26 -2 -41 -26 6 -23 -5 -32 12 -41 -41 -32 -33 -26 -12 -18 -23 -22 -31 -15 0 -2 27 -32 39 41 -24 -42 -39 -11 -12 -10 -34 -20 3 -34 -31 -37 0 -15 -15 26 -17 -36 -35 40 -27 -23
9 5
-3 3 -2 -4 0 1 -2 -1 -3
14 49
23 10 35 13 43 20 46 34 36 7 31 11 32 33
34 50
-15 -19 -5 33 -19 -4 -41 -34 -21 -27 -43 -35 -32 -44 40 -28 -3 37 -32 -39 -21 -34 -34 -43 -39 33 -42 -20 -9 -43 20 -17 -29 -20
15 20
-16 14 -16 -6 -9 2 14 -4 15 20 16 -14 2 20 -9
29 46
33 2 19 44 32 4 10 43 15 42 13 7 46 6 18 37 31 17 -1 10 2 36 7 0 0 24 44 15 32
29 3
-2 1 0 0 -2 -2 -2 0 -2 -2 -1 -3 0 0 -2 -3 -3 0 -2 -2 -2 -1 -3 -1 -3 -3 -1 -3 -2
47 31
6 -28 -3 -4 2 20 2 20 -16 16 -2 24 1 -27 -9 -22 17 -15 -22 25 -3 2 7 2 11 1 -12 -3 -24 8 -16 -3 -16 -15 -8 -3 13 -12 -15 -1 25 22 -5 -24 -18 28 11
48 50
38 33 4 28 3 32 22 13 -32 35 6 32 40 35 38 13 18 -17 -43 18 9 45 32 33 41 21 10 5 35 32 -22 32 18 21 38 31 40 1 41 31 21 22 27 20 34 22 16 15
9 39
35 -3 -12 -14 -28 25 -29 -22 -11
21 5
0 2 -5 -2 3 -1 -4 -3 -3 -3 3 -3 3 0 2 5 2 -1 2 -5 3
35 28
9 27 1 26 13 20 1 4 15 14 -17 13 27 28 4 26 16 21 1 13 19 -27 14 10 21 17 3 14 6 23 24 -6 25 21 14
20 13
-7 -1 -8 -3 9 -7 -3 0 4 -3 -11 -2 -6 -13 -2 -6 -1 -13 -13 -5
4 39
-32 3 -14 33
36 8
4 2 7 8 2 6 4 3 0 1 6 4 8 8 0 6 2 6 7 8 2 2 3 2 8 3 3 2 8 -8 8 5 5 -7 0 4
15 30
-7 -20 -2 -3 -28 -21 -6 -7 -5 -23 -26 -27 -5 -24 -29
17 39
-25 -3 -39 21 26 -10 4 -23 7 -35 6 6 -27 2 5 39 -31
26 15
10 0 2 7 1 -11 5 0 5 4 -13 6 0 4 15 5 4 7 11 2 5 10 -7 11 9 4
27 25
10 1 -10 -24 -3 -19 -11 -4 -14 3 -23 -19 -10 -4 -15 -14 -10 7 -12 -16 -15 -23 -20 -3 -3 -7 -15
9 25
15 17 -14 -6 -13 20 16 -24 -14
2 26
10 -15
14 14
-7 -10 -11 -12 -1 -3 -10 -11 -6 -6 -12 -5 -8 0
28 45
29 -35 -39 21 -31 12 2 37 -19 15 43 -28 0 36 -10 23 20 -1 -5 5 20 29 39 -1 -18 21 -12 -40
35 27
-9 24 0 12 -5 22 27 10 13 -13 2 -9 16 -13 25 19 0 18 15 19 12 0 14 12 14 10 1 10 7 14 21 17 11 -9 26
35 41
-23 -28 -18 9 -6 -12 -26 -6 -3 -39 0 40 -29 -38 -21 -28 -36 -9 -2 -20 -4 -36 22 -8 -26 -23 -6 -39 -34 -6 -29 -5 -37 0 -23
5 11
-8 7 11 -2 11
11 7
0 1 -4 1 1 4 7 3 5 3 1
34 48
-21 -28 -7 -12 -7 -34 -6 25 -17 -14 -45 -35 -11 -23 -47 34 -20 -45 23 -25 -44 -5 -23 -17 -18 -14 -33 -41 -35 -15 -14 -40 -44 -41
22 26
-1 -12 17 -7 23 12 -13 15 0 -20 9 8 -1 -4 -19 -21 18 -26 5 15 -19 -25
29 8
0 5 3 5 8 2 7 4 5 5 3 6 3 1 0 -6 -1 5 -6 5 7 4 6 2 1 6 6 6 -4
8 21
18 -9 -12 -19 -20 -10 -9 0
9 14
-3 -5 3 13 6 12 -5 1 -8
43 6
4 5 0 5 1 4 6 1 6 6 4 5 6 5 3 -5 5 1 2 3 5 6 0 2 3 5 5 2 5 3 0 6 -2 5 0 1 6 0 -6 2 5 3 -4
1 12
-3
13 45
10 -4 -35 23 -33 29 -4 -42 -45 -6 -18 40 -26
14 21
17 13 18 3 1 7 0 19 8 9 19 10 3 -10
18 37
-21 -19 1 -37 -26 -33 -6 -4 -19 -2 0 -19 -28 -27 -35 -16 7 -31
35 43
-20 -26 25 -43 8 19 -29 -32 -6 22 38 34 -8 15 -5 -35 -28 -39 -40 19 -41 8 -43 -14 25 22 42 43 25 27 -17 30 15 21 32
45 47
34 9 3 15 34 -1 45 39 5 16 17 46 12 33 0 39 27 42 2 26 5 30 21 7 25 3 0 27 -24 6 -41 14 47 -14 21 46 44 43 9 28 6 43 10 20 19
37 22
-10 -15 -10 -8 19 -3 -21 -10 -5 -5 -17 -17 -18 -19 16 -3 -9 -1 -11 -13 -18 -21 -17 -4 0 -6 -13 -16 -3 -14 7 -7 -14 -7 -14 -5 -6
16 26
3 -7 3 -3 -24 7 24 -2 15 -23 11 18 -24 6 -17 -23
7 42
32 25 38 12 36 23 41
11 3
0 0 0 -1 -1 -1 0 0 -2 -2 -2
6 13
-2 -2 1 0 12 6
20 15
0 5 11 8 4 9 4 15 11 5 5 12 0 0 7 15 1 0 12 2
5 15
-11 -6 -15 15 -15
45 8
2 7 4 6 5 4 7 -5 -7 8 5 -4 8 8 2 1 -3 8 -3 6 -4 7 6 -6 3 7 7 -6 -6 -5 5 4 6 -1 8 -7 -1 1 -7 4 -7 0 -2 2 -8
18 37
22 4 17 4 20 17 10 0 29 2 27 -37 34 6 1 4 17 3
3 27
-25 -14 -18
8 2
-2 2 -2 2 1 0 -1 0
11 14
9 2 11 8 -8 9 2 12 9 8 1
2 4
-1 -3
33 47
-11 -2 -37 31 -19 40 -27 40 18 -15 -36 -12 -44 8 13 0 15 -40 -28 19 -3 -44 16 -13 16 0 18 -28 -3 -8 -14 -30 -45
6 11
1 1 6 -9 10 5
23 12
-5 -2 -9 0 0 -11 -5 -4 -7 0 -2 -2 -4 5 -8 -11 -3 -9 -4 -6 -6 -8 -8
44 20
-11 -2 6 -16 -15 20 -14 5 5 -18 -2 0 -12 17 -20 -10 -2 10 -17 -11 -5 -1 10 -7 7 -14 -17 0 3 16 16 14 -2 -10 -4 -2 12 7 -19 17 -19 -9 -18 5
9 3
0 -1 0 0 0 3 0 3 3
15 11
-5 -7 0 -5 -7 -5 -11 -10 -6 -3 -11 -5 -5 -6 -11
4 32
6 15 12 5
28 42
31 26 41 39 19 17 24 32 30 26 37 15 11 37 3 22 2 40 31 7 24 22 34 35 -26 32 39 14
9 42
-42 -39 36 -18 -32 -7 -1 -16 -39
37 20
-9 17 16 10 1 8 11 -9 -17 14 10 -2 -7 -16 3 17 16 20 2 19 -1 13 8 20 19 15 3 11 13 -15 -1 -1 -10 -13 -5 16 -6
37 6
2 6 3 0 2 3 6 1 4 4 1 1 2 1 5 4 0 6 2 5 2 1 1 3 4 4 1 3 1 3 -6 -6 3 1 0 6 1
29 11
-8 -6 -2 -1 0 -4 -9 0 3 -4 -8 -1 -4 -4 -1 -3 -2 -5 -9 8 -6 -8 -3 -4 -2 -3 -3 -1 -3
43 34
27 -24 -21 25 17 -3 13 -2 10 -30 0 3 31 3 -24 -4 28 -33 -13 12 -25 19 -14 15 26 28 -25 -3 -14 14 -3 18 1 -16 14 -3 -3 28 -23 -20 -25 33 -6
41 36
-19 26 31 26 12 -7 30 16 18 -20 3 5 30 -8 31 33 34 27 36 13 34 6 25 2 1 34 20 -8 17 23 -22 17 20 -7 18 9 25 15 26 31 6
27 4
-1 -4 -3 -2 -1 -2 -4 0 -3 -1 3 1 -2 -3 -4 1 0 0 -1 -3 -2 0 -3 -1 -1 -3 -1
15 49
29 -36 -26 3 11 -26 12 26 -13 -21 28 25 -48 11 46
19 46
31 19 16 7 4 29 44 32 -38 18 20 6 22 30 -40 43 20 18 0
38 20
17 -12 -11 -11 -2 -15 -18 -12 -11 -13 -7 -11 -9 -10 4 -11 -19 1 -16 -3 -1 -20 -13 -12 -9 17 -2 0 -11 -17 -20 -8 -4 -17 -13 -15 -17 -7
24 40
35 22 -6 -3 -13 13 -17 10 -12 24 27 28 -28 -4 -31 -39 -25 -35 13 4 -30 -13 -27 14
16 18
1 16 11 3 6 7 0 0 5 9 9 7 6 12 10 11
27 17
-6 -10 -15 -16 -10 -13 -7 -10 -17 1 -14 -9 -10 -3 -10 -7 -13 -6 -15 -2 -1 -8 -16 -3 -6 -17 -2
18 26
-4 -14 -1 8 -8 0 26 13 11 -2 -2 -5 -11 -14 19 -26 8 3
26 48
13 42 36 45 38 35 38 -23 16 17 38 6 1 22 9 41 -27 40 4 42 41 3 15 37 26 24
34 50
-23 7 -35 -36 -29 -31 -16 -28 -47 -4 -1 -9 -22 -35 -26 -6 -29 -12 -44 -36 -18 -41 2 5 -36 -33 -10 -7 -31 -34 -1 -2 -6 -9
20 31
-29 -18 -4 24 17 6 23 -4 19 -23 -8 -7 -17 6 -30 18 -12 -9 7 -11
23 4
1 1 3 0 3 -3 3 4 4 0 1 1 4 4 0 1 1 0 3 1 2 1 -4
32 41
-24 -19 -27 -23 -8 22 -29 -27 -11 -3 -41 -1 -31 -8 -18 -17 -37 -5 -39 -15 -37 -29 -15 -2 -16 -37 -20 -16 25 -20 -32 -40
20 12
4 8 -10 10 5 -4 -2 -7 9 -8 -10 7 11 5 -12 10 -5 0 12 7
46 6
1 6 3 2 1 -6 1 1 3 2 2 1 3 6 1 2 6 5 1 3 1 1 5 5 3 4 1 4 -1 6 0 4 2 6 3 -2 1 4 1 1 4 0 2 4 2 0
22 49
-30 -38 -38 -30 -7 -33 -20 -19 -20 -16 -21 -37 -34 -44 -42 9 -29 -20 -47 -15 -11 -40
1 16
-6
26 3
2 0 3 -3 1 2 0 3 3 3 0 2 3 1 0 3 0 3 3 3 0 1 1 3 0 0
32 25
-9 9 -8 -7 -10 -20 -13 -20 20 -6 -16 -2 0 -15 18 -12 -6 -9 -13 -2 -5 -3 -11 -18 -18 -5 -16 -19 -18 -25 -10 -2
45 23
-1 13 1 9 20 1 -4 -5 2 22 -19 20 -23 10 18 -3 21 -17 0 -11 12 19 -15 -14 -11 21 7 23 22 -9 11 -5 23 9 -4 1 14 14 0 -17 -23 5 -10 11 0
11 34
19 24 22 6 -10 27 16 16 8 13 32
12 46
-14 -11 -24 -16 -3 -20 -34 -43 -32 -35 -29 25
35 28
-20 -9 -25 -17 -9 4 -8 12 24 2 4 -23 -1 -24 -20 -22 20 1 -18 1 -11 -26 -7 17 2 -7 -11 -18 25 3 -9 21 -28 -6 25
27 16
12 9 12 11 8 -8 14 2 10 14 -16 10 15 2 -16 -16 1 5 14 -5 -9 5 9 12 2 4 11
15 33
-3 -28 -9 -13 0 26 0 -16 27 -24 -4 -9 -14 -12 -29
13 35
-11 -23 -19 -33 -14 -24 -32 -21 8 -9 -13 26 -26
11 30
1 16 -27 -10 22 24 0 28 26 5 10
29 25
-2 -3 -23 -22 -5 1 -3 -9 -22 -22 -23 -11 -7 3 -17 -7 -1 -19 -17 -22 -6 -2 -5 -12 -5 -25 -20 5 -15
13 34
21 -20 -34 30 -25 -28 -1 -15 -7 -4 13 31 20
49 5
5 1 0 5 4 1 0 1 5 2 -4 2 3 0 4 4 1 2 2 3 4 3 4 -1 1 1 4 3 0 1 2 3 2 3 3 5 3 4 -5 2 1 4 1 3 4 4 2 -2 4
38 14
-8 -9 0 -13 0 -11 -11 -3 -7 -14 13 -7 -3 -2 -5 -7 -10 -3 -3 -8 -3 -3 -13 -10 -5 -1 -12 -7 3 -2 -12 -7 -11 0 0 -4 -9 -3
4 25
13 -14 0 -15
2 42
19 6
25 19
15 -10 -17 -10 -15 -17 -4 -11 -12 -15 10 -16 -2 -17 -15 0 -2 -8 -7 -6 -13 -17 -9 -7 -18
14 12
-10 4 -12 -8 -8 -1 -10 -8 -6 5 7 0 3 -10
19 38
25 36 38 2 18 23 29 18 15 3 27 24 0 7 15 34 6 -1 33
41 22
-2 -2 -7 -2 0 -22 -3 -5 -16 -3 -17 -18 -2 -18 9 -13 -11 -7 -15 -13 -16 -11 -2 21 -15 -1 -20 -11 7 -6 -11 -9 -22 -18 -19 -18 22 -5 -20 1 -9
14 45
-23 -23 1 35 -40 1 -13 -12 18 24 13 -17 10 0
23 23
16 23 15 19 14 3 7 3 11 19 11 22 11 -12 6 9 9 9 19 2 12 18 17
23 50
-44 -41 -45 -25 -42 -23 -46 -22 -36 -15 -50 -9 -2 -49 -10 -38 -3 -26 -19 -26 -11 50 17
5 36
20 -15 31 -19 12
24 29
20 25 -18 27 18 26 26 25 12 -6 5 5 4 23 22 9 5 4 20 2 17 25 12 9
49 39
-19 -15 -21 -16 -16 -4 -17 -18 -5 -26 28 -31 -13 -5 25 34 -22 -11 -9 -30 -19 -25 34 -26 -11 -10 -31 -32 -14 -13 -39 -8 -26 -25 -3 -14 -18 0 -4 -13 -38 -2 0 -34 -17 -38 -7 -22 35
25 36
-7 -15 21 8 -33 -24 -32 -28 -22 17 18 7 13 34 12 36 10 -5 -31 25 -2 -17 -21 -6 33
16 31
-19 12 31 26 17 21 3 22 27 9 10 12 -26 21 22 22
26 25
-23 -25 -25 -13 -8 -16 -12 -19 21 -19 -6 0 18 -24 -22 -11 -16 19 -19 -8 -3 -18 -25 -12 -24 -20
46 30
17 8 4 16 24 24 -18 12 12 -14 -21 8 14 9 15 -30 2 -10 -18 0 16 24 -5 -16 26 22 -27 24 -25 -12 -22 17 25 -28 29 9 30 7 -28 13 14 2 -3 26 -25 -11
31 10
9 5 -5 7 7 7 9 0 3 -10 8 5 10 5 2 5 -3 6 -7 7 -10 -10 10 0 10 8 9 0 6 0 3
35 11
-5 -6 -2 0 -6 -9 -11 -4 -2 -9 -7 -2 -8 -9 -8 -1 -6 -8 -10 -8 -4 -4 -8 -7 -3 -7 0 -9 -8 0 0 -11 -3 -7 -5
24 35
-9 16 31 16 -26 15 29 -28 4 -29 -15 -26 15 -33 -10 23 4 13 -14 17 -20 22 25 2
9 21
-18 5 13 9 9 20 4 15 1
7 23
-7 -9 -1 19 -11 -7 11
18 27
27 -25 -13 -13 6 18 19 3 -18 -5 1 20 5 15 25 25 -4 7
5 23
21 15 23 0 5
22 29
0 -1 -5 -21 -12 -26 3 -7 -14 23 -20 -1 0 -7 -25 -17 -26 -19 -7 -17 -23 -22
16 50
-20 13 -28 50 -50 5 -3 3 21 -47 41 38 19 17 -15 31
1 13
10
33 12
-5 0 -4 -9 -1 1 -4 -2 -6 -12 -6 -11 4 0 -9 -6 -11 -9 -6 -8 -1 -5 6 -10 -2 -5 5 -6 -6 -3 -12 -7 -4
10 33
-20 20 -12 24 4 4 16 -3 26 33
35 7
1 2 0 -5 3 5 4 7 4 5 0 2 6 7 3 5 7 6 3 -7 3 0 5 4 5 5 2 0 1 1 5 0 5 5 0
9 3
-3 -2 3 -3 -3 0 -2 -2 -3
47 31
0 7 0 21 -19 12 27 -3 7 3 13 -23 26 -31 27 -10 5 -17 16 0 -30 -22 10 -30 -24 -17 11 -23 17 -9 2 -9 -1 -30 13 26 18 11 -4 -12 -22 11 16 -15 12 3 20
38 7
0 7 1 3 6 0 6 1 7 7 1 4 7 6 -5 1 2 5 2 0 -1 3 6 -2 -6 2 0 3 0 0 0 3 1 6 4 3 2 0
25 36
-25 -15 -1 -5 -9 -19 -9 -35 -12 -17 -27 -29 -24 -18 -7 -28 -24 -27 -26 -20 -15 7 -21 -25 -29
44 24
15 13 -1 9 3 -12 -5 2 -19 -11 20 16 -5 -16 -7 -9 -14 -5 -19 -4 13 -16 -15 1 13 21 23 17 -12 -5 7 20 1 -3 -16 10 -2 -3 -6 -8 -7 -2 -9 13
8 19
7 -14 11 12 8 18 7 11
34 42
-20 -36 -18 -38 -32 -20 -24 -38 -2 -10 -12 -18 -3 -42 -20 14 -4 -26 -39 -28 -24 -38 24 -39 -32 -16 -2 -14 -40 0 31 -42 -40 -35
1 13
8
38 19
16 2 15 16 15 3 11 17 17 2 13 11 6 0 16 -12 3 18 -4 8 15 2 15 8 10 2 8 19 7 1 16 5 19 6 8 19 1 18
11 14
-5 -4 -3 -8 0 -7 5 7 -4 -4 0
44 14
-3 -11 1 7 -12 13 10 -5 5 8 7 -2 -4 -11 11 -10 11 -13 1 7 -12 14 2 -5 -1 -10 -9 10 5 -6 -3 3 -12 -2 3 -5 10 -12 3 5 9 -7 -6 14
16 20
2 18 14 14 19 16 11 16 20 16 3 14 11 16 17 12
42 20
-16 -6 -14 -15 -3 -2 -8 -20 -16 -13 -20 0 -13 -1 -3 -14 -6 -9 -16 -2 -6 20 -9 -6 -10 -2 -10 -20 -4 -15 -13 -1 -6 -2 -3 -14 -17 -15 -2 -9 -9 -8
3 26
-9 20 -11
37 13
12 -1 3 1 1 12 1 5 2 12 8 11 4 4 6 3 4 7 13 10 -7 7 1 13 7 8 10 0 10 8 9 8 -5 7 6 3 7
35 9
6 -3 -2 -7 -3 -8 0 -1 -6 -1 -2 -7 -6 -8 5 -9 -5 -4 9 -4 0 -1 -2 -8 2 -8 -6 -2 -3 -7 -8 -7 -1 -8 0
42 27
-10 -9 -18 7 -18 -23 -20 27 21 13 10 13 -17 -2 -10 -4 25 19 -5 -26 1 12 17 19 -24 -23 -11 2 4 -1 1 11 -14 -11 19 10 -14 -21 2 -4 10 18
27 10
2 3 -1 -10 3 1 5 8 5 10 0 3 1 9 4 5 -2 -1 3 5 2 3 1 8 5 5 6
41 41
-16 39 17 -11 -10 -13 -31 -20 -23 -18 30 -21 -33 -37 -11 -21 -29 -16 -15 -18 -31 -15 -32 -25 -25 -31 -38 -29 -3 -23 -13 -5 -8 -28 -29 -28 -29 -30 -27 -32 -6
22 47
-24 13 -43 14 18 -23 -43 -32 -36 12 34 3 0 29 37 42 -24 -31 39 -19 -41 -42
13 47
-12 25 23 11 46 19 23 22 30 13 15 -12 28
8 38
-5 -13 -1 -30 -24 33 35 -16
11 47
29 -10 34 -43 -16 -15 -45 26 25 36 23
7 29
8 7 26 0 5 18 27
38 2
-2 -1 -2 0 -1 -2 -2 0 -1 -1 0 -1 0 -1 0 -1 0 -1 -2 -1 -1 2 -1 -2 0 0 2 2 -2 1 -2 2 -2 0 -2 0 0 2
5 1
0 0 0 -1 -1
19 30
29 20 6 7 29 0 7 25 7 16 -23 13 22 1 27 0 3 25 20
31 31
-18 -19 -9 -25 -15 -27 -28 -25 22 2 -4 -18 -11 -31 -27 -25 0 13 -17 -11 -7 -8 -18 -26 -22 -7 -18 -18 -29 -10 -1
22 49
-29 5 22 33 7 -6 -4 10 48 48 -20 -8 -20 22 15 36 30 -10 -39 -22 41 -21
34 21
10 18 0 6 -3 8 0 14 21 1 9 21 15 11 8 16 8 12 1 17 -8 14 17 2 21 1 3 12 6 16 11 17 5 15
39 20
-14 19 -15 -17 -15 -14 -7 -4 0 -14 -11 -3 -1 -3 10 17 -9 -10 -10 -15 -14 -5 -14 -8 -14 -4 -14 -14 -16 -5 -7 -18 1 -2 11 -17 -5 -10 -8
45 29
-18 -27 21 29 27 -25 0 23 17 29 1 0 -1 -4 -1 9 26 -2 -7 13 6 2 -20 16 5 29 -11 -24 5 12 7 -5 -7 3 -24 4 21 2 -8 17 -29 14 0 -20 -12
48 5
5 4 4 3 3 1 -5 -3 0 0 5 2 2 0 0 0 1 0 1 -1 4 1 3 5 3 3 -5 -5 3 3 0 2 4 4 4 4 0 5 5 3 2 4 3 -2 3 0 0 1
19 4
-1 -2 -2 -3 -2 -4 0 -1 -1 -2 -3 0 0 -4 -3 -4 -3 -4 -2
2 2
-1 -2
8 47
28 23 43 35 47 9 27 37
37 12
-9 -2 -8 -5 11 -1 -12 -4 -12 -3 -5 -7 -5 -11 -10 -1 -9 -4 -5 -9 -4 -12 8 -10 0 11 -5 -6 -9 -11 -8 0 -9 -8 -4 -3 -2
34 20
-5 -1 9 -15 -11 -5 -8 -17 14 15 0 18 -17 19 -2 16 -19 20 -4 18 12 17 20 6 -13 -6 -11 3 -4 -11 -14 -3 13 -13
