40
4 4 2 2 1 0 2 1 2 3 4
4 4 1 1 3 1 1 2 2 2 2
6 10 3 2 2 0 0 5 4 3 2
16 18 5 1 5 10 8 21 27 29 87
14 15 12 4 4 3 5 84 74 53 68
196 827 117 730 108 131 477 41 72 11 66
703 687 125 343 321 68 78 38 8 2 66
943 715 356 144 449 893 533 86 24 28 90
192 223 29 170 28 25 108 89 74 40 51
490 844 318 332 275 241 434 79 99 34 80
1163 9027 94 86 1000000 1054 6993 92 90 59 19
1078 5052 143 146 1000000 857 568 15 20 2 7
9870 591 100 109 1000000 46 313 37 25 63 70
6503 8478 146 197 1000000 332 8138 33 8 90 43
5726 4567 144 121 1000000 454 3685 99 81 46 52
4886 4367 95 87 1000000 3493 4363 2 66 19 64
5134 2621 141 183 1000000 2309 282 36 56 66 26
8497 2343 94 193 1000000 5999 1852 70 15 92 16
4718 7077 134 115 1000000 3964 4597 7 20 29 77
9883 7515 100 76 1000000 9567 1921 35 86 77 52
35510 11125 1346 1407 395 35248 9485 18 91 26 9
28557 13495 1138 1991 385 23252 10801 56 19 77 36
21995 37911 1150 1245 833 47 23529 19 74 87 95
24576 30148 1171 1922 740 19787 13047 34 74 34 11
20133 29990 1305 1623 603 7664 19517 81 90 36 9
39724 39430 20919 20227 3 7295 34728 28 46 33 14
39491 39608 20414 20014 3 22564 17425 7 17 95 40
39078 39880 20882 20735 3 22243 24336 53 36 6 40
39843 39881 20522 20114 3 11897 5279 74 89 96 58
39353 39838 20565 20767 3 35517 37854 90 60 17 84
38850 37146 6 132 1443 28733 35729 1 38 55 58
35277 38250 2 199 1349 28136 16549 49 90 40 96
36598 39593 9 164 1449 27518 12034 65 2 51 34
37637 35252 131 4 1326 1844 2265 72 38 3 79
38095 39579 180 6 1507 11485 32227 86 32 39 26
36478 39536 170 1 1442 22516 31242 4 70 37 6
36402 39273 278 35 1000000 11371 25106 51 98 33 54
39527 38179 294 327 1000000 12899 20050 56 52 99 46
35728 35276 139 460 1000000 14745 27690 33 97 8 69
39954 39461 443 17 1000000 34349 36388 60 98 69 44
