92
1 0.800 0.100 0.500 0.500 0.500 0.500 0.500
2 0.600 0.200 0.500 0.100 1.000 0.100 1.000
1 1.000 0.000 1.000 1.000 1.000 1.000 1.000
25 0.984 0.222 0.993 0.336 0.207 0.084 0.478
58 0.472 0.182 0.418 0.097 0.569 0.816 0.711
27 0.620 0.014 0.817 0.451 0.090 0.229 0.504
8 0.838 0.389 0.829 0.592 0.594 0.669 0.480
2 0.180 0.156 0.548 0.790 0.004 0.311 0.019
62 0.740 0.653 0.323 0.642 0.837 0.773 0.610
28 0.918 0.381 0.851 0.346 0.278 0.369 0.757
89 0.812 0.547 0.657 0.131 0.302 0.379 0.955
67 0.213 0.172 0.842 0.786 0.933 0.253 0.273
75 0.583 0.469 0.241 0.940 0.053 0.770 0.129
27 0.576 0.415 0.480 0.105 0.952 0.391 0.633
59 0.060 0.031 0.085 0.919 0.931 0.539 0.372
53 0.355 0.185 0.299 0.939 0.295 0.063 0.155
17 0.706 0.216 0.713 0.435 0.885 0.951 0.396
10 0.708 0.493 0.709 0.273 0.687 0.353 0.593
58 0.667 0.638 0.471 0.028 0.597 0.439 0.945
61 0.633 0.071 0.634 0.946 0.641 0.946 0.710
99 0.835 0.833 0.989 0.059 0.672 0.824 0.508
37 0.399 0.287 0.317 0.870 0.520 0.686 0.954
87 0.447 0.384 0.187 0.898 0.240 0.964 0.301
40 0.114 0.096 0.671 0.372 0.708 0.742 0.378
85 0.705 0.704 0.874 0.098 0.324 0.252 0.534
38 0.887 0.847 0.004 0.716 0.148 0.543 0.058
71 0.649 0.181 0.358 0.197 0.773 0.810 0.348
50 0.718 0.450 0.928 0.207 0.675 0.390 0.937
95 0.394 0.045 0.961 0.263 0.896 0.214 0.382
25 0.674 0.528 0.625 0.971 0.805 0.782 0.177
80 0.580 0.480 0.189 0.356 0.890 0.732 0.662
11 0.698 0.348 0.651 0.528 0.828 0.526 0.129
7 0.845 0.096 0.965 0.401 0.698 0.213 0.703
47 0.960 0.088 0.081 0.628 0.777 0.948 0.515
42 0.890 0.226 0.829 0.910 0.700 0.045 0.566
66 0.820 0.682 0.189 0.313 0.558 0.181 0.919
42 0.219 0.065 0.968 0.173 0.045 0.878 0.889
37 0.916 0.809 0.178 0.801 0.235 0.996 0.077
99 0.753 0.662 0.810 0.984 0.645 0.511 0.015
78 0.603 0.393 0.706 0.415 0.422 0.564 0.083
65 0.477 0.013 0.439 0.346 0.125 0.582 0.894
13 0.556 0.023 0.797 0.208 0.603 0.820 0.890
83 0.449 0.407 0.053 0.078 0.212 0.345 0.121
47 0.919 0.906 0.703 0.151 0.851 0.311 0.505
41 0.433 0.015 0.159 0.938 0.137 0.191 0.507
45 0.889 0.664 0.232 0.454 0.785 0.637 0.611
13 0.600 0.495 0.830 0.178 0.768 0.678 0.387
59 0.916 0.520 0.917 0.588 0.808 0.719 0.404
97 0.847 0.236 0.244 0.150 0.361 0.734 0.242
21 0.588 0.423 0.572 0.307 0.703 0.268 0.000
6 0.807 0.331 0.737 0.825 0.406 0.018 0.704
52 0.799 0.361 0.083 0.223 0.593 0.354 0.895
26 0.928 0.246 0.915 0.726 0.009 0.732 0.041
27 0.828 0.611 0.901 0.082 0.043 0.435 0.723
12 0.915 0.628 0.785 0.748 0.986 0.089 0.091
35 0.721 0.098 0.455 0.201 0.752 0.090 0.297
3 0.589 0.284 0.742 0.325 0.342 0.370 0.512
14 0.572 0.439 0.467 0.725 0.471 0.556 0.085
12 0.743 0.714 0.911 0.552 0.964 0.776 0.356
67 0.329 0.065 0.937 0.810 0.385 0.159 0.381
3 0.532 0.063 0.517 0.565 0.208 0.142 0.525
21 0.545 0.188 0.239 0.929 0.709 0.554 0.356
34 0.464 0.371 0.105 0.424 0.121 0.433 0.857
92 0.383 0.095 0.110 0.799 0.490 0.795 0.312
26 0.928 0.032 0.852 0.335 0.771 0.136 0.471
50 0.578 0.060 0.723 0.176 0.456 0.935 0.488
55 0.571 0.148 0.741 0.231 0.824 0.618 0.671
73 0.733 0.648 0.371 0.866 0.469 0.782 0.003
64 0.219 0.179 0.825 0.561 0.154 0.754 0.543
28 0.533 0.166 0.964 0.588 0.681 0.652 0.211
32 0.958 0.820 0.554 0.677 0.849 0.905 0.797
41 0.411 0.033 0.972 0.669 0.828 0.748 0.402
40 0.763 0.659 0.378 0.149 0.117 0.487 0.657
93 0.840 0.170 0.216 0.738 0.031 0.854 0.345
99 0.882 0.661 0.805 0.288 0.495 0.955 0.788
5 0.360 0.102 0.939 0.331 0.806 0.837 0.328
7 0.646 0.195 0.437 0.617 0.120 0.642 0.828
99 0.731 0.067 0.977 0.213 0.573 0.793 0.888
55 0.419 0.097 0.088 0.922 0.455 0.094 0.638
15 0.514 0.308 0.711 0.295 0.287 0.827 0.991
20 0.284 0.273 0.854 0.914 0.086 0.198 0.653
65 0.964 0.395 0.549 0.741 0.686 0.702 0.686
86 0.893 0.699 0.423 0.734 0.127 0.997 0.018
29 0.767 0.586 0.279 0.921 0.407 0.019 0.732
18 0.299 0.181 0.255 0.016 0.760 0.497 0.791
58 0.239 0.204 0.010 0.535 0.911 0.130 0.369
62 0.719 0.156 0.014 0.837 0.613 0.376 0.707
92 0.851 0.655 0.970 0.768 0.448 0.576 0.394
86 0.633 0.095 0.166 0.183 0.960 0.823 0.176
86 0.579 0.110 0.861 0.275 0.848 0.350 0.123
53 0.623 0.075 0.451 0.830 0.258 0.036 0.105
30 0.889 0.482 0.277 0.194 0.392 0.339 0.886
