98
0.1
0.12
0.123
0.1234
0.12345
0.01
1.0
0.4171887521325955
0.10180429870947878
0.8413605506265063
0.44964639710983245
0.5229985062109751
0.2782313950007998
0.24025666805380183
0.7996213008780698
0.3479949096410683
0.4376032731162365
0.03526607273416624
0.13096603041107155
0.25382678707041956
0.7105571909614604
0.2784747059190305
0.7597876635819013
0.4041446217777939
0.667833905069307
0.5627913315978949
0.18366606467149782
0.3645337673370788
0.3677483269505368
0.423055346717681
0.4491173372246192
0.6775263794073412
0.532797419678035
0.2100939297109042
0.018410370209886964
0.6327371251967338
0.10750897115443785
0.2523088055768823
0.1876450363066848
0.2996289669977341
0.4629735249387327
0.35522933872436263
0.5256194917393461
0.05164573004216027
0.09946354049644324
0.6172195592085787
0.4088816734959748
0.20003126204329444
0.1967129642799189
0.14875451864311856
0.42872603177679786
0.3465081605277789
0.11138930184747996
0.19630536854201153
0.28034508045668116
0.2706946949596293
0.19595716715448538
0.396139245529667
0.01912530359770426
0.43861362342212107
0.01875508360883066
0.15783617569523917
0.023772963483079914
0.359141671541594
0.36663130984873665
0.21348267175228475
0.37367918930782124
0.06156073030377694
0.3873924350747519
0.0996381015101226
0.22193689341844014
0.03539667415670746
0.2240547377568812
0.06780942759232497
0.24812315608954594
0.012055774992126487
0.12624188164760092
0.0226689100043987
0.09488832393737012
0.2757679424764685
0.2708538219161616
0.0931352768546506
0.29172492682761947
0.10649879042680624
0.036847712085698966
0.1271622223599953
0.11138471653161193
0.13771129589183692
0.1175289262134683
0.028022503668374804
0.20036916470119082
0.08265394361245758
0.1196247193728414
0.1336198362564587
0.041264110276944425
0.16044338414166684
0.05599059268524103
0.12935951061896073
