35
5 4
0 0 0 0 0
1 2 0 1 0
1 1 0 0 0
1 1 0 0 0
0 0 0 0 0
0 0 0 0 0
5 4
1 2 0 1 1
1 2 0 1 0
1 1 0 0 0
5 5 0 1 4
0 0 0 0 0
0 0 0 0 0
5 4
1 2 0 1 1
1 2 0 1 0
1 1 0 0 0
5 5 0 1 4
1 2 0 1 1
1 2 0 1 1
5 2
1 2 0 1 1
4 4 0 0 0
1 1 0 0 0
5 5 0 0 0
0 0 0 0 0
0 0 0 0 0
100 100
1 2 3 4 5
1 2 3 4 5
1 2 3 4 5
1 2 3 4 5
1 2 3 4 5
1 2 3 4 5
1000000 1000000
779706507 127228413 432241190 590050086 381005249
1 1 0 0 0
781423 41766 57495812 32708620 803046278
257837 999058 948956822 172010995 356851834
851916796 13667531 614669079 302205061 927323532
929908049 26628041 428786183 192857828 194486670
981942 1000000
880262385 899988856 22926508 844898017 539626975
1 1 0 0 0
466641 853837 225786893 928040413 135544844
843329 337437 144083999 640923619 231146075
565873250 7371509 679047578 855894921 575886706
400820209 465073844 609122071 153000443 439831093
956924 1000000
51095441 313289659 649465539 456130649 408963609
1 1 0 0 0
875096 739647 714120467 723295325 890447386
946507 209436 666348554 246289261 708778870
94345202 674834966 867744145 623205541 521338656
46868145 452266203 639075371 585235859 603182518
964008 1000000
218757033 484087490 190485717 452451758 637357587
1 4 92365621 563117510 120877408
372459 293956 924866339 258174601 935236574
802350 626286 511852829 610825331 870359735
803371058 381278541 259546215 801276508 52770747
896995282 339947235 665583038 392908521 690963242
950438 1000000
48652059 326607598 461995497 450209512 991038499
1 3 610075482 611174079 30619849
29330 252739 886676819 344401416 38630950
703753 625694 288244022 713001434 490757839
85547532 716313637 719713130 133409833 731807941
654122384 788550323 994917169 843716010 405270980
1000000 1000000
970786397 341359929 949142379 637628672 961847235
1 1 534825141 195100842 752495293
878066 917394 380687037 95375099 858967487
156093 834792 710462732 755089209 952606605
242589480 464779043 154544656 136019767 240291524
797978896 834371688 876626059 827557409 585964564
926647 1000000
753307408 861247544 952985558 334151280 304953072
4 4 560389111 413635093 974099553
703258 164157 580564854 84533383 106414270
461001 841682 322916709 893521190 775272952
266320785 712698221 619410156 428691590 49559792
191465993 456865395 96552529 148018511 141063220
935509 1000000
342299703 155322512 981146149 99479113 125237047
1 3 768298580 838449815 713291359
700370 329613 661894184 678016224 833888412
295709 286424 571649535 285545756 22030711
466940969 970974023 932844869 594429080 128810225
44247308 356504418 457364928 981838845 469014780
978271 1000000
226744006 85509634 246555229 781267572 119641840
2 4 189523708 486862687 739221622
187781 42889 347205243 676427283 904134974
316870 847116 851691717 720559989 443185554
134598585 331435163 237993199 414161963 855766251
257274975 127107139 463111280 437767226 722833946
976577 1000000
176805783 776994952 232322267 688429040 718808066
4 2 666191158 854106002 580573515
406695 158264 186729762 282723571 338889585
503979 857264 406504245 242002665 337623309
956536544 141112998 71459034 609094242 496284144
207724177 333929501 999253737 237324824 345339300
1000000 1000000
351715876 130260779 84707478 301298928 638210684
2 3 583026414 673535733 798688800
588094 281834 977660697 437451197 455992094
160242 292809 706825193 85539797 32848495
831389089 26411601 863281338 804019010 823206843
538382415 134045053 168553642 540952518 12107532
914471 1000000
701545856 923472186 939361813 823562223 747488237
1 3 479808674 976486628 627245346
154092 504276 149968001 934609047 705841654
14426 138691 666975680 440080640 13785892
112991589 703745999 193401493 790105447 81050151
531881426 201474856 181961842 797645996 568263941
927729 1000000
93566848 839386631 684671047 145276203 428441436
4 4 228334201 208255548 971796387
360778 600978 185089055 988015232 549166818
916917 724567 797430074 831676684 924460551
52399770 424311 176396773 622748789 256872180
973340043 521377427 567529131 321432530 961510958
943366 1000000
793511166 170861770 907590452 906025948 18412458
3 3 457630594 282444998 708887325
368066 747579 765170049 791426000 36004587
151483 671742 242860270 680758825 687586642
222732704 28762040 438005562 394298416 85948438
5749047 109892402 378784511 804914502 587959393
912682 1000000
714208162 613392265 864003436 920031829 427054631
1 2 264997686 998955637 332388490
605299 193534 449364945 960721872 467593450
30314 655434 958248846 790474125 454110747
709256571 441220358 754475559 973627503 947752770
885065464 525550128 274327970 143824877 62877393
1000000 1000000
414634909 134631971 630058958 945776391 221119216
2 1 816139394 677434056 699758290
571287 160246 659667022 299442334 576196904
790171 926105 511688437 308641649 576978010
890894193 400293697 31671052 493244530 881176706
308808922 10096029 374895698 327173767 713524766
976546 1000000
852913409 112151372 365009283 976347175 875761951
2 2 1384457 503816261 187648928
755667 338116 796450955 764499945 115544837
771810 802324 534852287 446895685 274344738
132750862 264344074 11517015 414002015 415404074
275450016 134509037 883610740 457600680 634521164
930635 1000000
204475362 915346136 406646565 511312109 42625873
4 4 816311596 603109620 502430332
353456 285057 726523403 87417413 108299141
685296 491520 770475713 522210757 354653583
998663351 491848178 361509895 584697951 536074841
925618831 455002126 511395219 605770603 197376351
950894 1000000
411115112 21864773 24308272 153635895 329530497
1 4 249604197 968868098 52384766
69745 511884 398981842 858022470 862688171
37392 586624 946786510 201866942 246463894
758627324 858077743 948351676 80024662 886765699
539350532 956548329 629678852 119599772 373583822
932890 1000000
824372830 73717817 680872808 666878696 877595385
3 2 166432320 543539689 463237778
180244 611331 741254152 795461 474174591
843131 814246 141968524 115326278 344789071
101497814 313565146 506304882 157725406 374930164
753473203 962803051 574719554 752403215 699890423
1000000 1000000
498739731 652692370 92527142 630164333 827173323
2 4 221918154 795993158 180611016
549639 16189 736966428 726669695 128464987
659171 682863 366424360 498854407 678356061
264933094 396421372 190528368 762333171 761062165
203628859 562735104 901455387 380159989 865421384
925565 1000000
999634032 861003955 513546481 521237312 943530114
3 2 587549108 254669319 410341994
296583 115299 358057007 215828512 151028118
827400 197949 874089382 275065558 841945545
998476881 795178982 873237394 963719694 994132394
227930782 797537136 719627120 703446249 607298756
946351 1000000
660844631 245286857 818335636 853435652 933705621
4 4 649834943 219561380 679461905
880905 554752 527197465 217431976 654002038
85419 138799 389592108 523186118 91749133
981276071 281637865 988246285 912151006 302422978
706057071 174144990 958197423 41955121 887988631
994654 1000000
521841596 513079177 724175582 805932507 951886059
2 4 445077344 917920149 452140335
785200 425683 380079553 650708561 824651994
483926 764142 754790747 556414245 638725824
779466322 382997236 981118620 235110623 724486003
734940910 527948302 437845169 90554101 533833248
995972 1000000
258110255 674837370 32379629 795260416 732845053
2 3 671018016 662752528 515579501
509567 124442 693820150 700585821 741427436
597461 50403 103490940 415472330 883076777
169122906 637949447 683467575 640238001 79289359
43657336 314820944 164564404 362138490 337730204
1000000 1000000
805273195 752336497 719038359 705342035 991979073
4 1 199814372 506385478 508946521
268781 458684 570868762 925143704 942908159
29697 436696 846251889 602893019 154571668
2227979 355046740 238035469 403022570 346773504
875531565 735670486 547546048 383782710 981277035
909199 1000000
544884025 452281650 381575596 785160109 101955801
3 4 407098366 896673500 143275571
457837 833177 592316979 388557565 917758424
719808 512290 998230074 368907101 571061975
881715050 561636634 5116700 70111697 414073622
630357511 323389790 704741608 567149626 856471526
972154 1000000
577523282 575178448 822418022 730861561 939245260
1 4 81499565 107010794 830689688
33827 777636 649128848 781061490 775935078
43081 873404 930560455 269429206 284593449
948208628 352083807 836860133 75317297 996439728
281618720 860533574 124401701 262349484 718988052
951812 1000000
991114835 790646864 58474515 33662438 242032392
3 3 227412205 205307371 967962993
91215 898823 423598582 393606934 860551758
303709 167007 408922808 55550796 564410536
155844943 740438566 889486246 90674385 298941373
214706847 37206272 453285943 281662186 20302021
904591 1000000
554982892 373573367 922146736 707854248 822645329
4 4 638886729 244454287 698827306
899994 594343 353405505 98894121 947887315
254978 111830 303580244 955073882 932618749
28844854 675376673 337269551 311517877 997731907
173206356 617972131 496433256 366513278 230368631
