60
1
1
2
2 1
3
1 3 2
4
1 3 1 2
4
2 3 4 3
7
4 3 2 1 3 8 9
9
8 6 3 9 7 1 9 1 6
10
3 1 1 2 1 1 1 3 3 1
10
1 1 1 5 7 7 4 4 7 7
10
1 1 1 1 3 4 3 3 4 4
12
10 2 10 4 8 3 9 2 14 1 3 11
12
5 4 6 8 6 8 8 5 12 7 14 14
14
2 3 3 3 4 4 4 4 4 4 1 3 4 3
14
4 4 1 1 3 3 3 2 2 1 1 1 2 4
17
9 4 11 9 9 9 2 9 11 12 5 8 4 13 1 11 1
52
94 85 91 90 90 9 74 59 16 18 18 57 53 19 22 85 22 42 41 57 38 25 36 36 78 36 36 27 28 30 25 24 21 31 20 43 17 44 16 44 48 58 14 5 1 86 66 77 42 78 83 84
53
8 10 5 10 22 9 10 2 14 2 19 10 3 8 2 3 10 4 8 4 6 11 8 16 24 26 4 21 13 11 21 13 2 12 27 20 23 2 25 28 18 15 15 23 24 18 28 28 11 25 1 21 23
55
4 45 12 12 6 42 37 12 45 26 27 12 18 18 22 36 27 18 17 28 20 3 20 39 20 31 31 20 36 20 20 30 15 35 29 24 30 11 19 25 4 33 35 38 16 20 31 3 38 38 39 15 40 13 34
57
10 48 5 11 45 22 42 49 23 7 7 49 38 10 26 37 42 25 29 33 41 36 34 31 30 15 16 32 11 32 45 41 18 7 28 39 19 25 4 33 6 6 27 6 29 27 4 25 24 28 2 34 40 9 40 44 2
63
41 2 3 3 37 3 3 3 3 8 9 9 13 14 37 18 14 33 14 14 14 22 24 7 26 28 29 10 22 7 34 4 2 33 20 39 33 33 33 40 35 36 36 33 37 38 38 40 9 38 40 38 40 22 40 43 6 43 13 5 43 18 21
64
28 56 53 46 49 54 46 41 42 20 16 47 28 60 39 61 59 20 22 16 33 59 64 62 62 20 51 39 3 26 15 53 48 27 43 50 41 55 35 1 57 12 60 5 14 23 11 35 49 9 58 44 42 49 34 9 13 36 49 7 30 5 20 64
69
86 82 84 90 56 86 64 81 72 71 67 72 58 66 56 10 47 35 43 55 27 48 52 90 73 45 68 36 66 90 15 30 42 48 30 15 41 24 36 65 57 56 23 7 88 29 31 53 35 20 12 93 52 50 16 71 12 44 73 24 27 38 26 21 21 21 18 11 1
71
75 75 76 66 71 66 58 62 61 57 55 16 57 56 26 55 55 73 50 35 53 49 46 46 45 46 44 44 35 1 21 34 34 43 32 38 29 29 29 34 54 29 61 29 33 33 31 29 27 27 26 23 26 64 66 11 26 8 71 8 4 23 1 19 11 43 71 4 2 2 1
75
31 11 2 35 1 2 28 9 35 3 3 3 7 7 31 28 26 8 5 9 7 31 11 16 30 30 2 12 30 2 29 19 26 32 21 24 25 13 21 13 32 13 16 23 22 32 16 15 35 22 25 25 19 16 15 12 12 13 12 27 15 10 12 12 6 5 30 34 30 5 30 30 32 33 3
75
60 57 59 53 3 53 53 5 53 6 52 51 52 49 43 51 42 49 10 49 42 49 46 45 35 45 34 34 44 33 22 39 39 36 32 22 33 30 32 32 29 26 30 26 25 25 19 19 24 20 20 13 28 10 10 28 10 15 13 32 8 13 7 7 34 51 6 5 3 1 5 4 1 54 1
80
80 72 11 10 80 28 73 7 29 61 65 74 45 68 37 34 6 30 31 16 48 75 49 23 34 52 71 40 19 24 50 29 57 42 63 30 47 43 46 47 42 55 30 29 62 73 7 56 2 42 45 57 51 28 45 52 53 51 34 57 25 27 12 34 62 59 31 26 69 41 21 24 15 58 14 48 20 10 32 66
85
34 90 83 39 86 79 11 49 95 87 13 35 79 17 47 34 20 84 66 24 70 63 32 39 55 72 40 80 87 17 32 61 90 69 58 26 86 58 60 34 29 54 14 29 23 68 49 76 23 91 49 65 36 50 73 13 32 42 93 32 29 29 12 19 66 28 66 8 6 22 13 4 73 62 13 87 23 16 88 16 1 70 2 91 94
84
14 14 20 20 20 5 19 8 5 18 11 7 18 18 18 17 9 16 16 16 14 13 11 18 12 12 4 12 12 12 7 20 9 20 11 10 10 20 9 9 9 9 8 8 17 4 8 8 20 7 8 8 8 3 6 12 6 6 15 1 5 11 5 3 6 5 1 5 5 18 14 18 4 4 4 2 20 4 13 2 4 1 1 1
89
17 17 6 5 16 16 17 10 16 17 17 1 8 14 14 15 7 6 5 14 16 13 14 14 3 14 16 14 14 13 14 14 11 10 6 9 16 10 6 10 8 13 13 9 5 11 9 6 10 8 8 13 7 5 7 16 4 7 16 5 7 2 3 3 15 15 8 7 6 14 6 6 5 5 15 6 6 11 4 2 6 6 5 7 3 1 5 3 3
91
98 98 4 15 3 98 34 47 30 87 7 98 71 98 96 13 42 97 76 77 66 95 29 75 71 32 50 61 60 49 73 60 69 66 35 65 18 36 62 64 49 42 50 60 51 44 15 53 31 77 57 73 23 79 45 85 44 14 42 79 42 42 41 87 80 88 13 93 78 41 31 14 92 15 27 89 23 48 43 4 22 13 2 94 15 52 3 12 8 94 96
100
37 1 26 4 32 37 39 18 2 39 2 3 15 6 16 2 34 3 28 4 19 3 13 47 4 23 21 39 21 8 23 26 45 12 19 25 27 40 39 23 32 2 26 23 29 46 23 31 33 19 32 36 29 34 38 7 36 25 8 5 36 17 37 43 37 39 23 22 43 16 18 10 44 25 37 45 20 39 2 38 45 14 38 42 12 45 46 41 47 1 45 46 4 46 5 43 26 27 46 43
100
1 27 2 20 9 9 28 2 30 5 27 17 10 1 11 27 30 9 8 1 10 14 23 2 17 30 20 11 6 22 9 18 17 26 1 20 6 25 11 11 25 14 12 13 1 30 11 26 13 23 9 26 17 26 11 2 13 5 6 18 18 30 12 24 4 13 15 20 15 6 18 7 28 6 18 2 23 26 18 26 1 5 12 4 10 9 20 20 21 18 13 30 21 29 24 18 25 12 22 24
92
60 4 73 24 67 12 5 20 10 11 39 12 13 14 73 14 68 43 42 66 11 74 29 8 70 71 25 28 62 28 16 55 26 43 53 35 19 62 58 15 38 57 40 47 40 40 69 57 73 19 46 57 30 40 37 33 35 59 40 17 52 48 46 26 71 22 42 60 4 75 47 48 55 12 27 60 40 73 40 34 67 6 55 60 44 72 15 44 73 26 69 70
93
1 23 1 17 23 24 20 24 2 20 24 19 2 2 3 24 3 21 3 5 5 20 9 19 9 14 17 18 17 14 16 14 15 15 18 19 15 17 21 24 21 2 15 17 13 19 13 11 21 11 22 22 22 22 2 10 23 17 9 18 9 9 6 23 14 12 10 23 1 1 1 23 23 23 1 23 23 9 23 24 7 24 24 1 24 24 24 5 5 1 2 1 24
90
6 60 63 61 6 37 59 53 59 51 3 9 59 59 27 28 58 51 36 54 51 59 54 41 50 25 50 25 45 32 57 2 43 16 22 38 54 44 36 5 14 38 23 38 32 44 43 40 42 38 41 39 34 29 7 35 33 32 1 33 23 26 23 32 45 21 27 16 16 19 19 27 36 52 10 4 39 1 30 18 16 16 1 46 8 8 59 57 1 6
98
2 35 3 6 6 10 2 10 10 10 38 63 7 11 11 19 9 9 9 9 12 19 14 15 20 57 21 15 21 16 19 20 21 26 21 22 22 26 26 28 29 27 30 36 61 29 31 31 33 33 41 41 44 63 63 33 35 33 36 36 40 42 46 46 63 65 47 66 67 48 48 71 49 76 49 77 51 83 77 51 54 78 54 55 58 78 82 58 83 62 18 65 65 70 78 78 79 80
96
39 35 39 39 39 1 35 2 37 37 31 30 25 7 29 29 28 9 36 27 26 20 16 39 34 26 31 39 26 26 26 21 1 11 25 23 23 21 3 14 2 26 3 28 14 28 14 20 7 28 13 12 12 25 12 14 25 26 11 26 9 26 25 24 7 4 23 23 23 23 20 20 20 16 15 4 9 17 38 9 8 8 1 8 1 36 5 17 1 1 2 17 2 1 1 12
91
2 3 32 31 31 3 31 4 4 4 7 7 8 8 26 8 9 24 9 23 9 9 9 10 14 16 17 18 6 18 23 23 10 11 22 18 11 20 20 18 13 20 14 21 22 23 14 23 19 23 18 23 21 14 12 23 9 23 9 24 13 23 24 9 23 9 23 24 23 25 9 8 7 27 27 26 27 27 4 27 28 28 31 31 18 30 31 32 32 1 32
95
9 19 47 46 11 47 43 41 9 47 39 48 9 39 37 35 37 11 35 41 15 35 9 10 33 31 31 11 11 13 13 47 29 32 20 14 28 42 35 18 27 31 27 27 20 27 4 21 31 37 21 32 31 13 13 31 42 31 22 22 27 27 26 10 31 25 22 46 26 25 21 3 39 2 30 37 33 24 43 39 21 21 15 23 23 17 23 42 26 30 3 2 10 46 3
97
1 32 46 45 12 22 47 46 42 43 42 36 39 39 36 36 17 35 39 37 36 35 34 33 32 35 4 27 27 26 34 26 26 45 18 26 30 27 26 3 26 25 23 22 37 21 26 23 21 20 19 17 23 23 23 22 17 15 22 15 23 20 22 21 4 15 11 8 20 34 20 17 17 46 17 10 9 19 1 19 8 13 8 24 7 22 12 6 27 6 11 5 7 3 7 24 5
90
2 11 29 12 19 30 13 81 75 2 74 13 2 39 24 6 20 75 60 72 8 12 76 7 66 14 63 14 61 32 72 52 11 14 29 73 48 23 13 56 32 34 50 14 20 6 42 55 22 21 35 64 51 36 44 31 53 42 64 9 7 26 34 15 10 23 21 65 67 30 28 6 16 3 66 30 67 47 63 64 67 3 69 46 78 77 20 44 1 76
91
1 34 3 3 4 33 5 5 29 1 8 1 8 1 10 2 29 12 12 12 12 2 12 6 12 8 10 15 12 16 12 12 12 19 12 24 12 24 23 20 21 14 14 14 22 17 17 15 15 21 16 16 17 18 18 25 29 19 21 31 21 21 32 32 22 22 22 23 16 23 14 23 26 12 11 28 6 28 5 35 5 32 35 4 35 32 33 35 35 35 1
99
68 55 1 65 65 17 1 62 61 41 10 61 1 17 61 5 41 5 7 61 14 47 30 17 20 52 8 8 23 17 20 61 68 19 60 57 3 20 9 26 3 38 54 20 18 22 23 49 9 49 29 31 35 22 35 49 47 45 36 33 12 44 45 50 43 41 52 2 41 39 31 30 30 47 29 53 36 42 42 26 26 33 24 54 23 25 68 15 54 66 56 57 27 7 45 66 5 67 67
90
64 58 51 17 29 15 13 49 36 63 27 7 7 62 61 6 54 50 43 12 7 42 19 29 57 10 37 16 21 9 8 57 18 20 3 6 1 39 12 22 21 6 35 45 32 4 8 55 19 16 26 24 63 61 26 24 32 45 7 51 29 8 30 61 44 61 9 64 5 57 36 22 61 14 34 35 23 38 3 59 45 60 23 27 3 2 53 58 1 1
100
6 98 64 95 95 86 84 13 100 70 89 7 100 40 89 54 65 16 65 60 78 60 88 48 23 24 78 81 24 35 45 47 47 76 63 75 74 56 83 41 47 66 74 39 14 38 66 38 22 61 35 65 19 63 63 62 58 56 51 51 49 42 100 75 4 16 42 39 39 37 17 36 8 7 74 34 1 91 7 36 36 31 28 78 27 95 24 4 3 21 17 99 81 10 43 32 15 66 11 8
100
3 4 100 6 10 10 12 99 16 16 84 17 19 20 20 21 23 24 25 27 27 74 29 74 58 29 30 32 46 35 35 35 35 35 36 36 36 42 43 43 28 44 17 45 45 45 47 47 50 22 50 50 51 51 52 53 54 54 20 55 55 55 39 55 56 56 57 16 57 61 61 62 15 67 69 73 77 77 85 86 7 87 87 87 88 88 88 5 88 88 88 89 89 91 91 95 95 97 2 97
100
96 4 2 99 8 5 23 12 88 17 17 74 7 3 9 5 18 21 29 7 34 40 31 15 21 33 42 46 23 100 35 41 18 24 63 44 58 49 59 36 41 58 28 56 41 27 39 41 10 31 34 34 34 40 44 39 56 61 51 71 62 60 63 62 66 85 41 72 57 58 86 78 53 72 87 58 96 81 39 70 75 7 85 72 84 77 4 78 40 79 87 84 90 85 27 87 31 100 96 12
100
27 5 4 11 11 13 13 13 13 13 100 13 13 13 86 74 45 14 14 17 17 67 19 20 20 89 69 27 27 30 37 50 55 34 34 89 24 6 34 35 36 36 37 37 63 39 39 41 42 1 45 47 47 48 92 49 49 63 41 64 64 65 38 60 68 69 72 72 35 72 72 75 4 76 81 81 31 86 82 10 14 84 85 85 91 97 91 91 91 90 92 92 92 92 92 92 92 95 98 100
100
93 2 94 94 94 91 87 89 89 3 83 80 82 16 80 78 77 76 18 75 78 50 70 73 70 70 26 67 67 65 64 27 67 62 29 62 67 27 49 50 65 59 58 50 56 50 50 58 49 42 56 42 62 41 66 36 69 35 47 34 71 42 30 42 27 34 32 32 23 21 18 30 18 13 15 13 72 76 15 3 11 22 15 11 10 81 81 9 9 81 7 10 84 5 3 1 10 6 3 85
100
98 92 1 97 96 96 96 96 88 96 93 93 89 89 89 29 89 89 88 84 84 84 80 76 76 75 75 74 73 75 73 70 70 69 67 67 67 67 67 66 63 63 63 54 52 51 51 51 51 51 51 51 49 63 49 49 47 47 45 42 41 41 41 74 41 41 38 58 37 36 33 33 30 30 30 29 36 29 28 21 21 21 23 16 20 20 97 19 18 18 18 18 18 13 10 8 8 20 2 2
100
74 6 42 100 1 57 28 100 6 83 97 6 60 60 33 98 69 77 15 29 70 98 94 94 94 37 98 28 29 67 48 53 41 74 41 61 92 85 33 94 62 20 82 96 87 84 80 74 44 33 52 74 27 30 37 65 62 62 33 28 59 36 57 95 26 19 55 43 51 48 16 11 46 25 32 45 39 25 22 15 73 37 36 84 19 41 15 27 32 24 35 14 6 88 38 91 60 4 29 3
100
3 23 85 98 96 91 3 90 86 6 7 97 7 84 8 77 77 10 77 10 14 17 19 20 26 88 26 26 70 59 43 26 16 37 59 59 27 59 9 93 63 55 31 2 28 54 39 62 49 44 31 41 36 41 43 42 1 48 48 50 51 42 60 42 60 65 66 30 68 96 72 75 25 40 36 35 76 34 49 33 26 80 29 82 26 82 24 89 24 23 92 23 95 14 10 9 95 6 98 17
100
2 2 2 6 11 11 13 9 7 89 14 15 14 18 16 18 22 22 24 24 27 26 1 27 30 29 16 31 31 31 33 33 19 33 38 92 53 34 84 39 40 42 49 49 44 48 54 53 80 55 55 60 55 56 56 55 60 1 61 67 33 59 62 66 66 68 68 72 68 71 82 70 48 76 78 79 84 78 84 12 92 86 84 88 92 47 93 89 43 93 90 93 93 96 93 99 95 97 97 97
100
100 22 76 77 65 18 70 37 97 28 20 4 57 94 19 60 89 81 93 42 57 27 81 9 57 38 30 45 73 95 32 23 97 81 30 66 19 35 69 96 54 92 82 61 28 52 58 67 57 61 54 26 61 48 64 74 55 17 53 36 11 48 64 89 42 48 32 68 80 33 87 9 95 60 18 89 16 47 18 16 23 20 3 16 16 41 93 11 79 16 96 26 21 6 8 37 77 75 34 16
100
2 6 6 5 97 3 15 91 9 15 11 11 84 12 23 81 18 56 37 20 60 26 81 32 27 43 11 89 24 30 80 78 38 70 33 34 33 80 46 37 32 41 34 30 39 86 99 49 49 22 46 41 35 57 36 65 5 15 38 50 55 53 75 75 90 75 35 24 55 75 80 84 57 15 14 64 32 84 26 22 68 13 95 91 11 22 12 56 90 4 97 3 96 94 1 74 79 81 83 99
100
88 16 30 3 40 30 66 40 82 30 85 35 46 73 58 19 61 25 62 18 41 27 22 82 87 13 13 86 16 2 9 4 93 61 21 52 31 17 40 98 26 71 90 60 56 6 51 29 72 30 14 88 9 77 50 14 77 87 53 98 77 39 3 85 51 79 14 52 36 82 59 56 1 57 18 78 80 97 87 83 99 63 75 31 30 15 91 37 84 33 27 22 30 89 40 1 2 33 61 14
100
30 20 99 2 28 3 31 9 100 61 2 78 3 32 8 93 92 23 61 33 14 90 98 23 92 98 83 97 79 34 37 16 24 21 80 32 27 47 50 80 46 75 56 86 56 33 58 63 39 62 58 75 45 46 10 43 61 81 72 55 73 66 37 96 29 46 71 67 61 56 45 87 3 45 22 51 16 73 29 77 77 38 77 65 88 27 45 75 24 36 20 26 12 10 79 10 52 19 80 37
100
86 2 69 74 9 50 10 61 71 81 64 19 15 19 15 80 60 56 52 58 9 100 68 1 32 16 22 52 52 82 62 52 44 36 10 19 55 90 37 30 60 69 61 46 19 44 45 40 40 26 23 69 77 44 16 92 56 26 56 34 44 34 7 69 4 58 76 33 32 45 40 32 30 73 82 87 27 27 82 34 22 21 74 20 30 49 47 11 87 88 81 3 18 100 11 6 3 39 92 94
100
2 7 21 21 22 22 42 58 24 54 23 5 36 13 97 77 52 39 14 77 46 48 28 48 15 61 1 16 16 18 48 74 62 20 55 6 63 84 61 95 24 24 28 64 39 67 60 67 28 76 95 31 31 76 33 76 77 89 52 79 37 54 54 8 55 72 55 74 81 16 87 57 58 75 58 99 81 62 50 56 60 1 74 81 81 85 79 47 80 26 81 87 86 91 100 2 46 22 97 18
100
59 5 2 5 6 2 6 90 88 58 19 34 6 6 38 20 24 81 22 16 33 35 86 28 74 71 8 44 33 22 44 52 69 50 27 29 23 71 8 41 27 91 71 66 71 48 52 48 61 45 18 48 46 60 93 35 73 48 14 48 72 59 65 48 59 98 64 74 80 51 55 11 6 73 73 3 98 48 16 9 46 69 86 86 88 86 88 19 70 39 51 34 31 5 61 91 83 98 86 11
