41
4
25 30 2 45 16 4 7 26 4
2
19 48 2 38 23 2 43 31 2
3
9 17 2 23 42 2 21 43 2
8
23 5 8 14 22 2 29 28 6
10
559 556 7 174 424 10 16 605 6
21
875 456 11 177 442 7 772 631 18
1103
583 198 169 273 38 1037 65 714 134
55062
11 440 253 980 931 23119 526 733 20036
1999999
820049480 21547108 154 708675718 561447936 206 440133487 35313866 34
1
618469191 790824851 1 240496554 254321196 1 312956711 468952046 1
5
927221256 311785085 4 698772477 828422337 5 866165702 648272273 4
1337
617141389 96776754 2 686400226 46429892 7 356199465 607467260 14
12345
569835284 592019409 199 308489576 551741746 10418 947160134 417058699 6439
4096
882524217 62432131 34 236089651 201946473 45 537291505 89572094 5
892157
577513866 796928263 771534 76072296 794292101 759123 90769926 295213615 887741
129383
55887595 852438620 4710 11626302 775207609 45712 232088575 882360267 13825
598778
791123555 342313502 32777 967631394 880141999 185599 436295146 96309736 567626
228666
658441187 230758690 120 479708637 602412993 518 416379589 235508522 27
2000000
304835691 270438667 11 48760594 766490554 66 92190961 556228743 51404
2000000
760910031 349756326 37 815146995 377343946 3 80923234 719628481 63457
2000000
46554619 759417219 6 286810816 476063838 16 595057130 293823025 59916
2000000
428975320 685583455 224 272112290 398556761 906 724586127 532236124 129507
2000000
967113756 124639790 1408 957828016 678030194 2770 893015681 944303456 16856
2000000
250334415 450031626 6642 174619518 13055349 1843 287114316 927515975 181446
2000000
655903009 521273984 1100 897440710 153838214 8551 579642952 73254666 3503
2000000
156091746 356425229 2 585640195 937186358 2 25921154 510616709 357945
2000000
913503456 684954361 2 367054298 154030427 8 165631888 429296876 2784
2000000
677701956 30977645 4 128803728 140723514 5 373865765 817723005 171076
2000000
143439592 751027513 16 638841930 391044282 48 693880917 13330581 47560
2000000
645579553 961124399 31 259538748 321412351 24 597864072 18435563 43776
2000000
825220632 33752892 14808 650864364 588629702 16626 943286494 884784276 43
2000000
899879843 346157252 17835 314088427 369371457 11163 698921857 44084703 85
2000000
546528449 716067318 19032 85451517 664553217 11844 599650529 185668726 76
2000000
122651508 612555608 2132 416210921 695672740 1684 79592485 621545086 262
2000000
173746740 376661032 1309 927290494 475468151 2142 990050399 866720809 900
2000000
187335289 126137493 2034 809840311 27714063 2214 200677041 22664069 964
2000000
458070904 861770805 1 954595222 31552611 9 137186971 96946491 6
2000000
556126019 961152783 1 25621302 120476508 7 852896597 179745248 4
2000000
807322230 863021058 2 58915834 794401121 10 786881443 912097469 2
2000000
98872432 389583618 7 594840985 956041304 8 794849422 685934408 3
2000000
34828790 251904740 5 717276352 437920647 2 644744908 25169188 4
