50
1 3 1
1 10 2
1 10 3
1 100 3
1 1000 0
2836886 9741361 10
5686897 9548986 8
106918 126109 1
5781726 9933735 1
2097182 8971863 4
1732109 8779488 5
7551469 9356612 7
5777852 9164237 6
4469152 8202365 1
6066267 8009990 9
3822727 8587114 4
6892171 8394739 2
2120074 7432867 7
3893280 7240493 6
2558797 7817616 8
5416449 7625242 9
1003781 2819352 6
1771171 2626977 5
2448143 3204101 9
2675787 3011726 7
1591563 2049854 2
452893 1857479 1
792490 2434603 3
2036417 2242228 4
209457 1280356 7
662907 1087982 8
1255 1665105 10
99515 1472731 8
46295 510858 3
47709 318484 2
820229 895607 6
680385 703233 5
2951918 3585378 6
189824 3393004 4
483428 3970127 8
1722003 3777753 7
2750996 2815880 2
219766 2623506 1
1778284 3200629 5
2196668 3008255 3
27114 2046383 8
319644 1854008 7
698476 2431131 9
1120382 2238757 8
1144104 1276885 3
