60
2 6 11 4
1 3 4
2 1 2 1
1 1 1
2 1 0 -1
1 1 1
1 1 1
2 1 2 1
5 1 1 1 1 1 1
3 1 1 1 1
20 1 1 1 1 1 1 1 1 1 1 1 1 1 1 1 1 1 1 1 1 1
0 1
20 1000 1000 1000 1000 1000 1000 1000 1000 1000 1000 1000 1000 1000 1000 1000 1000 1000 1000 1000 1000 1000
0 1
20 1 1 1 1 1 1 1 1 1 1 1 1 1 1 1 1 1 1 1 1 1
1 1 1
20 1 1 1 1 1 1 1 1 1 1 1 1 1 1 1 1 1 1 1 1 1
1 1 -1
20 -20 1 1 1 1 1 1 1 1 1 1 1 1 1 1 1 1 1 1 1 1
1 1 -1
2 4 11 6
1 4 3
2 1 2 1
1 1 1
2 1 0 -1
1 1 1
1 1 1
2 1 2 1
5 1 1 1 1 1 1
3 1 1 1 1
2 10 100 -10
2 1 10 -1
2 10 100 -10
0 1
0 100
0 1
0 1
0 100
1 0 1
0 1
11 315 219 -3 -170 -373 71 535 8 269 -289 -93 -6
10 15 9 -1 -8 -17 5 25 -2 13 -15 -3
14 475 47 -310 272 -30 -442 -649 577 523 -870 -160 -428 -1060 83 312
9 -25 -13 -1 12 -7 -20 -11 -22 -9 13
7 184 276 -178 -710 -163 747 920 396
2 -23 -23 -18
13 -144 210 -90 265 66 -235 -186 -6 166 336 -71 -734 -74 437
6 8 -9 -2 -2 -20 10 19
17 -231 190 763 191 -657 -546 -450 160 1899 -849 285 -79 -1298 860 -261 319 368 -368
10 11 -8 -24 -23 12 -16 18 -5 -16 0 -23
13 60 -4 117 -39 365 240 157 -362 -535 -112 361 355 479 25
3 10 11 19 1
0 1
10 0 0 0 0 0 0 0 0 0 0 1
0 1
10 1 0 0 0 0 0 0 0 0 0 1
10 28 -112 -186 -188 252 -225 -523 279 -264 143 -238
7 2 -8 -12 -21 20 -15 1 -14
4 -225 -81 135 -144 171
4 -25 -9 15 -16 19
19 253 145 -149 222 404 364 -309 -104 320 -608 520 -1 -745 1121 -503 -478 988 -403 -259 190
10 11 2 -2 9 16 13 -20 19 1 -24 19
15 -288 -228 -495 -450 -1125 14 -445 391 31 603 -191 173 -601 -89 -358 -22
11 -24 11 -25 -8 -14 21 4 23 -16 1 -16 -1
14 -125 270 -822 476 -319 248 -135 -261 75 904 -242 334 -219 253 168
5 25 -14 17 2 17 8
16 98 -469 646 -524 140 -363 383 -1080 -136 71 -176 130 -360 -289 191 214 525
12 -7 22 -3 11 20 15 -19 13 19 -8 8 -9 -25
13 92 218 47 -189 32 232 365 413 239 105 130 7 -13 30
9 23 -3 -21 -1 20 24 23 -5 -5 6
7 -220 -360 120 -120 320 -380 -280 360
7 -11 -18 6 -6 16 -19 -14 18
11 -11 -237 -127 -611 -577 -599 -931 -277 -333 -210 117 72
5 -11 -6 -23 -19 -15 -24
3 0 0 0 1
2 0 0 1
9 12 39 -16 -57 -21 -1 54 -124 80 32
10 -20 -13 24 -23 1 -22 -8 13 -4 17 -9
4 -240 135 -105 210 -210
4 -16 9 -7 14 -14
11 -176 497 -243 -63 -140 206 -275 -132 -75 -21 188 -396
1 -11 18
8 -28 26 34 -12 -8 4 -10 -46 -2
0 -2
19 -66 -13 -96 114 471 -36 -364 -352 -1275 337 128 -148 233 -221 -192 1096 -1196 107 262 -273
11 -6 -11 -24 -25 7 18 5 4 -22 17 -3 -13
19 22 546 746 954 336 338 531 -317 66 -1100 -711 -1003 -116 -523 -393 -103 -186 142 42 -147
10 1 24 14 25 -18 11 -8 -17 1 -24 -21
20 -280 206 -234 -118 -264 161 -77 473 -619 868 -420 621 119 -359 378 -665 847 -639 304 -362 288
16 -14 4 2 -14 -7 14 1 22 -10 8 -1 0 19 -17 -4 -13 16
20 24 174 -534 -339 300 87 777 162 -228 -114 498 87 -636 -489 -825 -654 -135 411 1164 387 -216
18 -2 -18 9 8 7 21 -14 4 -2 14 -21 -16 -17 -21 -2 9 23 24 -9
20 17 283 -695 1287 -893 -327 1377 -1719 394 396 -135 -55 -531 817 -538 -36 496 176 -75 -280 50
16 1 18 -18 24 -8 -23 14 -6 3 -10 0 0 -18 9 7 10 -2
13 -36 -316 -61 246 506 -204 -929 306 591 -615 311 72 -284 77
9 18 23 20 -12 -13 25 14 -6 22 -7
8 -60 312 -112 -120 0 52 544 -40 -288
1 -20 -16
9 -98 126 -84 -154 -14 154 308 154 126 -98
0 -14
6 -247 225 123 -362 421 -199 39
4 -13 5 18 -13 3
7 -300 28 252 -176 26 -237 534 -247
6 12 8 -4 4 2 11 -13
3 0 299 398 120
2 0 -13 -6
4 360 216 -522 378 -108
1 18 -9
13 -69 -210 288 90 30 285 210 -333 -342 -318 -261 -174 -18 -168
12 -23 22 8 -2 18 23 -22 -23 -22 -18 -15 2 -14
11 391 0 -263 -349 -721 -135 -375 -510 -951 -123 -54 360
3 23 -23 -6 -24
7 -341 800 -458 132 365 21 -22 -121
3 -17 23 12 11
16 401 260 20 -220 -240 -460 -420 460 440 -200 360 -100 160 120 -200 -460 320
16 -20 -13 -1 11 12 23 21 -23 -22 10 -18 5 -8 -6 10 23 -16
17 121 39 369 271 61 -45 -537 401 84 441 462 185 517 387 -189 69 -414 119
12 24 3 -18 8 -17 15 14 -8 17 12 6 13 -17
9 374 -895 -170 606 199 -224 -353 930 -506 38
5 15 -25 -17 -16 24 -2
