51
1 1
5
2 3
112
324
5 5
55555
51115
51915
51115
55555
1 4
5222
1 5
52222
11 49
5393947369329657635136927819336363735738932428275
4647889489887478981359397615287151188484844357411
3166457715532828724773625656541616259651836328169
3829667536731163935684591821572675926833275868992
7553764162681317164256568861878665747374645366742
3632496935251115718844156338686484155153267797129
1855279632121448976137495525364578274317757422269
1471932114158381724227783754721626917454315421818
3674862125219347155877849331145373148687981317569
8581264534285249896121998897711671877975747913547
3724195626328827753233796365514462811512821279675
36 39
279562228821183476395969894985456717192
687144426279442383618878432632525117519
319443335117329982977212471472523942368
886357515963738723712567562525598334453
986518974496552513579743972357775919378
935781452543324142699813173212822538355
624476242399478538981269723272677723345
133617879736315945237857368667366373123
151166918373367875287918426398964697131
299866949225658346738722133153193396653
414755955182324877237459742787733718142
564921283961957831387277253354473151542
249442147482223755572127259172692138379
197135736491814262535567731241528291988
363327834857288767977534528438937466168
289529743589328889427642917715361793173
274377876447547933966826288774717329876
865273872212637428582198355584833569795
375461942367324359421647621826457481625
296959853827833968778777813474265423671
117398428765796418957268299526898779712
146259518679824781559619819712219281732
495661411427462596336295211692319786337
978914231513457953728897549162313441548
831813877889261491432958876626655474776
367674159729257138477558343479746977462
752324631356245274264852657773919234536
844459858481959543619946367871573447853
242517839993623288259119663523187868544
843898583197845152184868766774183919436
848698835754737944573732258887567228471
579287643248477464783249843229114836971
399432844651692514223957133878221751654
362385914697759835374176766722324694912
511832638482358624725559876457662768933
261668299622382911555178332264496816518
9 23
32777187338469813914988
48915275926188938387154
23982898459368543915898
37567517578785787637279
18682671671722695981415
26597228935515825391518
85565557827116833295739
92869948337782314687972
31925529759646331817285
35 11
78714825426
27274528423
52996369113
14172299592
99297142727
27168568457
99638783666
23387893365
42686376129
29339584656
24741616418
62784938855
76467938689
68153854379
54461682845
62263547864
48522888176
72843331425
36473811229
98915133355
85217948868
59177943927
93489179748
99463297323
84248895316
72773695118
28659895242
98556833622
78931855234
93798727998
84253977621
49559936193
13511573398
61541834543
42973828845
13 3
424
482
456
639
375
424
632
254
779
324
434
526
481
38 43
9649599494873248374946226743862559572213147
6553723836138766143817937525188824325584244
1524175581769581823653297447685288238137124
8716619465345318559195575932322117161259142
2362919364727138496247838531521151644345247
4258846279516679926922588841112493413458655
8433943395117785725167682562773169448244226
9847472557736249543715176595966114289461167
7857933256233464471443136261311683386249821
7412913982571247242433556792562371923427173
5765513323313593927436199575271433748221229
3576288523155437614788453594635335476588618
1312426552332158983154149153232575891489226
1831616631527535579851841323385156662939353
6755889385674969867314937738929471976196363
4135523932622918612317888949129139897259798
9822817884726622747975978429245369449296568
4485443477274257456871484955348588986285294
5944421913566473739869289652346878776381871
2142811711332959981979268647336246521434663
7967456148947373725397481239399311856829358
4213921988419587346658648869759716922685564
6112982451262839289595381919585929112385712
9519537434169794172594982955181527448954493
5955747859163861423267951154928822752599338
5753198574533423483529761924187145771442711
6834289257319846578154239852693956914764273
2352455915638516313412997874116422461939227
9383427935463722448729416313725874547142996
1344299712381849487236662371367955347243863
9614186366632432115521485555189325156819867
8212531198976573149716661937796758839163311
2685358545957228914221896471511213947683449
5877543653813345417683918694143279582129425
5867246658713579879934458777162984494412376
7845531565481346711699423961224449311331792
4441774793333825179941846179362839368649964
4641781356896939968373547397255118245352244
12 27
912938592671219789168537891
638199859931554356224912726
452328194763749739257798832
356985486375469951345625241
284466823928191556677767216
763919614882613673372291991
732323384216283938563935442
453859715853363258727339538
233264614767427398899499599
274294848228958639664679399
351761842465377554173424538
893982452431138878593475828
37 15
752226174748257
111831896784671
811384769641558
121744922741151
129495668742317
286274286543955
242677824412556
127265799686141
753417299719692
834551155146689
842172614395479
361389828794324
854719189196428
765888475973438
211587581358175
525219271778442
176151831961354
957347247693265
656317146251951
881221649271445
688434659356396
742832656925874
524585255523869
163681267899217
244499285985926
959525932197852
657245941197935
169212625964122
963431711474984
254292836331272
754429997994384
968376813767699
557955894835977
367793733341247
877173311529358
523771731768892
913691415492431
15 7
2876793
7799651
7874423
8975776
3523286
8519155
3925324
2581623
1921974
5931384
7121947
9757518
8384389
7468467
2633952
40 47
85913785988563639722326746457775339113894939633
82572113996412991351376753498471873286887186598
82565798276614994543211888138669386715575291788
78918534299243368512234246465874179954341397378
91974696446399872583828794584856881599831818969
49591767925138316913239873116191187192613373679
58694996178187187272767225682958399496692826282
34461872939916822269143236121293441456238136924
45519176125137999941531764847595385832754664467
96356314959895447324413716966775815116779422394
68369167858144552742193348935162134726767224716
31589928231533866671198521868733943353194939856
26312866231264978366717346247165167625686931984
44645598524355133992912131951324569979355915851
91855387272713483397354167939329645933215529938
29264814296946897455648823134457522835377525924
46141695154988599783457474343814228448793978289
89929977938246184319931954476262997748646661268
92468899785975853323967864436739331957156698921
63767416937197971386312987996886943675713923924
84213932195326862478927193334245385331757286885
98388961639998582851823252383582661653157361214
88949244119732683976549898472543887342665387842
13885432716736969123397326824256893349236179453
99292227782525357581379795775157928525976822992
43179275526339383722345813833773978636347328965
76941641196542989567394974476847789832997358248
37565864742975312467365578359625676294114649238
85936588168392121425471652634969298958548397649
93218759287513879797394238123646736966232254856
48536961171373428798474631761821161185887183497
45514776216574732823345177137724946912178322293
84375795526178388211427679444925787952484694791
85424665789228878246816141372999791844995129812
35917456552694469969982593827891426862642918518
96289949382377888877444283386755579182645471665
95381333881835758155219245915133953875391328433
55249763186415246746156851722936976951343555586
85889651183633656859976784227439738179949757241
68424773369259359854785589849935469527689728261
14 31
7152254223774422589879626699397
9828215929186713596166667649165
5729392253918493784753991883151
7787346548763992815724485217929
9864889213312726695211291412649
2644513464962938734143488138857
7496157491653681221218564415134
8893867436455819882951342718712
9745684444651787343276774919711
3548293264372615679543235588425
7389982488469669499843137576979
3637744843385215728244723565465
7136661686291625864234794319728
3187333717345989456269758126261
39 19
4474837931465895616
5953956498262962467
1187169834783641745
2118711522114671698
8121667545116992727
6627599198278252995
8136446359573597546
2618871529636622146
5912157915823899831
4365768644495234851
3832812441293474737
7631562736332175219
4211511865549139648
6684484945336725136
5843981756945168562
5526753765477957276
3289179852735134143
5412926929521534815
6865335642333788533
9718497443752551995
7178322938654778344
9483354232196575425
5233914357426963788
5442135437178861583
4963565617981494634
9747667735575142251
6738415318499536119
9449218757422213218
9813479573824598186
5644147265137618263
7382337356655516936
2612729154499661264
1419924618326414329
6699652428791158982
9923953236228496237
9525294286119171896
5536678365521423382
6425134447717245272
1421273418753549956
17 13
8828569263928
4164554255234
7935838399347
7998133634777
5423679253555
2671726778974
7819151466455
5898547494157
3126928545973
2761674429358
2873769441468
6851669158751
7253113361664
9755714962959
7199532617988
2321896225958
1911247431346
43 1
6
2
2
3
2
3
5
9
8
4
8
2
9
6
8
9
5
6
3
1
4
8
9
9
2
4
3
8
8
8
5
5
2
5
6
4
2
7
6
6
8
6
8
16 35
69939324165377481898653446732957653
38678465989389892846882512155779445
87581337739252138997616399528642427
57196597775592266152879886786135243
19333425483413328974149993925712432
13958794649437541848492863898165795
86158773597255293887377822731532489
98564182719585815191959544884595172
64241987118896834416442756484137111
23232355587217193433126611364181482
52516852524965871528953143285987574
67692222922634824232245355314866221
93721134695634875998434372289742648
74458487777874131111653795595833896
91333159947165364442632942677332579
62199922819584983676971598959269644
42 23
24266862553379222277898
23542831278677287337117
35543581847969412119764
72262151414117458637659
37874817773522599563914
19144234581421886344333
76245559665381915231181
86572283738546263442144
25884284439472126711681
49614134696317625388455
26211864568127746917413
17947497175138621484877
71385771232625611359695
89467193211536386587893
93812998793644842295491
89355438984538626916856
12798161693712158163465
43391727751446787338887
94687869766625985237183
45142235359642553247976
87748449872296825974977
63751798134217841781544
69154437366412123229217
48747217419343581776138
85133968367771596649538
95668198856461379421328
27446949888986893271481
63588524122897632825828
57866137515961849554351
31335767486655938634211
55361739968918426135181
78574671915755969766125
14718437953465325485518
92934344542485958331152
38493625419831289579826
16724165723264967178778
13359526332854533113771
98657769612412938274627
88157456541771785428573
15132375913191763932411
73538891854915376865455
53495874822437357816787
2 33
482566536366657714877326754819853
214669247816273787242641136473382
27 21
232754818154775126641
686747672666348398135
941179429526939835697
933214867753753345652
186298635947813347894
911951992693384222378
531762234513838145533
879626335793581717559
173629627619481738965
758178822614694721267
591981138547286392632
535388647664241857967
216117882616928833479
164385341893338646982
446833869686666131356
548263792784682663669
994935744537213176952
584271523493265959721
853734774775947495684
676481616974916334953
436947182639747949345
275621745455752175275
252779985467721696973
671466776717563217974
159665188329877648634
419732689931421148298
528764914476739251292
1 5
97984
26 45
642391955415518483175958859266332773838351614
643965266572396357959397759352916454916278649
793332985348728577998244375126748658494771367
471855579724668819814175686399793355216781831
627376862662341182217861388253329194468962482
618968788134599539289385533825311385759283681
467999825761677952359479794758741447371897311
885359427126796326183354739736864683186796337
254579554988765875192625973586492143497752898
434121961142848278346495749176989237276921751
678466428653928265159297892419716771143988789
287316372165515376984287914347522628519414817
345576775676398347956431657616567473317536174
654772292935175933634824724627998847927584971
819285898927958894628189663653918762347658684
337131461335524314959213319862459942924517399
854166965653425881618527167625749513514987783
722957219129487812451871784687881314363994835
637324944729756681773147547199936728136111939
655785157498138278815251553778319711333889853
127931933922717466892359382997284916495722424
899812361115151688295164925449132677425325884
831961575839833276636314279916992595716595967
113372118445239691124428556612391383767551623
616765672113937428132422926945125318116811246
689588439533151284557826669555699157145421555
4 37
1767542566619672848669614432196514575
7788345717452616986598793234996718826
4197838227845123535141742482294494765
9724555523591519796656787864519723182
29 25
8269497395329155976683285
4796347468931667965987147
8364934627237682874393314
5875791483934834815586165
3542536173612592968481379
2792796242869183284763311
8395659563842411986241475
8717125652156378128997923
8472763126911867164382254
9768732153884495818547839
6277459372253168151119438
3252259423111317728493385
1887841785735779596125772
6276534669437233455889791
6933428247323395982815549
3711866712791617241479976
8878197899226653249279467
1847325781681517563728631
5695852745364384297592982
4929347197312246324382322
8551116147328212599974917
2392725573961155537433162
2722863895993159816498749
7883617436149866379647489
1439286235241463184693484
6246431896943318987127788
9747128449883256789181679
7197838749897377466786557
4253123125514416422235384
3 11
86492138292
57235593319
34563524386
28 49
4144868748938428711944916573671399236589962454749
8488658627781861794717693461959648518474457884376
8546269756975549893449417191565643283635119531144
9893241643285978343349979346414812832782696252294
5973942623217274987171673536939511247843269243819
2321429379785297663655267782148724652227723922416
9599191696447233525324947882945346689891286332295
4123366594318577119637434362835443532576247887227
1685691671292898828981349387564868158413729811376
3541286469632277299162952968227376329151378717886
8542565812787812291579987578936283122996647757979
4851121563149513412576979764229254539258588218677
1139262864586837681623826965877323281785321639263
1796334248111251888555399313883157817572349271328
5165938215461671784269651351274325296822311221374
8234697966964391931334915575918866412319812791125
1818838987859833235838498646562113391269426462573
5466344911484717244723267726455574667755689739655
8788274139386197944623395989517176966386927944797
9844828596511267166866428589931337256535163762421
4481333756211941441757247612273134253763888687215
7855184356113228222484797759731931125248791912628
6663193767261483121162469127327257971654821216888
5271413232842225463466432691697454295456723875675
8958978833477532278144561742717521556111434882343
8911153761117673712358366326674148746688235949137
1128172419155843816518363168657516841791516452465
1813517487764651743671542845948421383118896323734
6 41
14983217796829984478532422352145979862553
19681855689118779675631756197436457228736
25751529119652527779645473759197972952952
67322981949424361792153963811678398759332
56915648542342473417683332918115685871177
11634241883181961731725195233438538832799
32 29
61219745912834826745796233736
49722332543972817824919749667
77788627436747866281413547211
79696815949881467634273352144
71857845426326588893943592621
84643474413499995975547366557
64763364244397984438933855322
86373454326424113653346739841
75596552499674519868938977662
54444438851774494117176577268
25555424562299823299378983581
41436679829822839751626243967
18618789767329818977134783182
13297295842585216812713318133
33192298149832179273613117434
51175966162553765635665488961
61617229688799995923538889629
78382911257254446772173199332
49883779952557291916819798268
14355214415716858574643366349
69691393597183698763789955862
18393581855465993493545289287
91553667543431663423498975433
74819259176464117859371463734
94329364194124446284243869579
58637116729847128581924483391
63864951366655999896289146555
29571475717689839417643291382
34874965414658612567319221518
68459671611683686159619391448
28992727198211865892826635523
62366695517794759691141838396
5 15
669217312319134
928232686333835
985124967546554
578213439422427
253321773395465
31 3
399
673
584
279
172
332
922
956
427
678
618
366
786
643
766
387
736
614
511
237
467
663
591
539
585
334
452
884
313
951
134
8 45
744128797635533315714956911832137932433255511
986527538892929324933262268495425735124868634
867273319958996654556493399353723113381742312
497862979869969551633439213861249915662286787
916561632433718828913864774764661667336835631
499546793638541738512798419567776975993182279
835465615264632495225175838364844914833454382
431123678249764935749164834291441448215214272
34 35
57638539842555172657652611667477847
43649427135854598223617393494751791
71545815357944426913744451294924229
39352782674248568616489379479555731
44133242648995336436975181567111757
99173417565377876271698165775671265
64262666613831224742575569456432558
74437325265858834661141458318838299
68286544363291798818348189752472139
86757922487979252597313991625933716
91432863163528745671884295735219569
11565517233572269224595239427544358
44781636689917755292974972342296139
99532218738914746924197868926537255
58524632813534211625815845798659881
83524768384569467564477785462967576
11298916311324734862129343468189375
38945249381492441824598528771589716
61363529828765134173557557442988269
86899426315627362598387128677783915
64463751153821727334878779185378529
14666393762224258358395152827672868
18243598187272312323663855183321728
22365451664683833323234798216851395
84514513316449629138219536416788571
27581932112866188618761575618311274
29263599841416532151848217151689489
38647421738221815154657433838886574
51665123847592974853171553195285417
78388545263447163711532497268423228
75728578519411164696657516511465542
13682526418473267453669327166321313
28297883872967299719176932749331516
76945623197226129452533797768587865
5 48
867962585464773471334565157986495849557649266924
473255337875912342677437435791823752788896717634
145137631841218843927458121879276849616222752188
128935185248314227292133851947712477238861617541
617194142172441513429883331436826476214983847381
33 40
3934277176381344549255767411497263152142
5271965525417672166668864914786614768549
7173454572348443892471136798976692117992
5553517511361265473585828146738799888613
2248468942526717411418545767422819721482
1662928165831726837574398826236546144446
4882478232687345632389816653165385228248
6979966419124414991944916668857153473947
9114435353636268574667914439347411267766
4628472195525315282623551243517156611487
4748749872919797657557453119974172457549
2289625113419821565613611467285511639552
8576674774915331158493997288822393281412
4355113852464366575365848765672754163555
1945925838193615394196745638395847922946
9888393353189235925812513798785759868123
2851888553492545927978466652526645547857
4783631138582974131156282474791771936832
2617839891492178192143544681173667274842
9432642279992386962539998435838631531746
5871613966829851227329849291287759883857
5492475512479233152581912784622772117288
6236559322135737363663348299427364288716
9135696613289893983395593344547827993546
7474816273414863197292197638764245811828
7425275757937597249133528472572282679527
7695775795134836268937835637474873795562
3511882949392357125973613799695147868356
3122493195628289146139544358848725419739
9387349963566195969472438158715869783188
1581929714473743961143334768636962156159
3553951581157999977342933118588187939297
2316886999916159987294954744657675877471
8 28
1436832915872527677161357379
8354775915634891235278714388
7466885172247171287172928114
8957582158419656242614659378
2665211739822256385751959198
9723161689228787375644163536
3298687175997651333296426582
6486357472376688175525766689
31 14
19186383397196
77296597618524
54363648846598
67532856959825
41263596654126
58866837426327
44681441674795
42729519539248
44889747359451
82595516739536
59961953533425
69345436276735
69175414853538
19174791321366
84494938485948
65283935998649
52254557118794
71624486451734
44377561482593
11644264454853
71575379715639
42683544112823
33593688767545
31667466389682
83447129574378
74428325994251
94361187355692
49124632946236
23197528238983
18575151762351
34683111385884
35 44
39759463822644681494413154145142367834589842
15569847867234262294979915198283183497795636
66126944685769389759673897414595436894982961
94277451563113491548481811313314793896967515
56768512791793522775732454288612843417811533
45468583347216142358484958859862992168248796
43828485276162377112943867397811846276826413
19356551318189938154371192848599579275783115
65545489515629998183832978493492338649612313
34177971175375715747199584226385553345749566
24877239997268858669448881178571423693562557
69134989178454832877776163461281661591853738
96568193165726473234128173589715178512161256
95422553788196727366519523296159655756659154
72465573835459547899251462815472187424813179
77884313299623473384693662955921513242852711
41856192378147487146482357171459649652227868
18329248471654227596511163931417599141544895
73592749375619132745725634669278659515943772
21925247339123937178265884861227828749953979
64565931813973894357977681681811448137125478
22616672433466353117184542612116331636366119
57766946123484957917697935419476915672848198
96855257222366324813459125537119162614113795
82457121684197111768774665633818143274631211
83287274369562741689451143387281655812322374
59729251497175796247355129283278466248891194
63476997957558167643485966132298822322344366
35928381224335268653479674246672323917942278
81734792767511481454957197579772932939611465
18971824761973419264166394425142378491313639
66352542613198325956833713788787855431226268
49149641478424271999333657457183128549973784
59596675946513593763664225452872716359124356
73652711357672913842899145547574243562511334
50 50
78539394736932965763513692781933636373573893242827
54647889489887478981359397615287151188484844357411
31664577155328287247736256565416162596518363281693
82966753673116393568459182157267592683327586899275
53764162681317164256568861878665747374645366742363
24969352511157188441563386864841551532677971291855
27963212144897613749552536457827431775742226914719
32114158381724227783754721626917454315421818367486
21252193471558778493311453731486879813175698581264
53428524989612199889771167187797574791354737241956
26328827753233796365514462811512821279675781316758
13785754349537445171197468793618631298974166167946
64838943262642978249524876978897798626375124588937
43135971785777531735959852879311351529112459518394
27213131316934754163492276671569532177764311173992
39249514387275354569355853811388843434925785897669
27318672537367595138597471886877472317712823551358
16944663355946764189631377513795732354599479392186
72612615943869454221233756144199951486528787947123
75228819916987344814996566127789887963829627451883
72492367849717486863268725117872189884655832232415
41383944313891974294259876742197414183658315944964
22187483917258488766577615127357834848926325692379
66965928775749669278762135825557812433128152631373
26711462356715716849589749543471355648644731161678
18619429853568566621294459963476332583113717488348
96143338875327482675656717461765575798615718542592
86598647693748454574491515296949519526488871884696
48878532652178496179141577331633248655996387233319
87898375716164936312271387518941952557625999477737
16853772412794632418432187528233737761619357494639
65865765198481555644726393625643662787218813513294
73925353236545211817531361311386325777631173859784
52583848228449673799337755499515742324118148372265
79554168353121828171792416961474686854458485394258
57917559742657993273869129753349497985376359866349
57241167551432296289984785363431599675698429679868
85131667319983517819494715634372888173485664934516
87169663946868432146931779924742131284932392626147
28751592564299717931587226215915997627729368451654
43493814156151944925134489274418365872487215253424
31337788184195621962167569481182265123736693351934
51595649539117967626715972754874416775962793821936
32493282117875794482553975782228352951289829327917
55535265831342822693694465377657352624674539715325
28879735852276166688238717532816132792464488271673
29585353764391291915953493957175352445346664854826
46444332666657541155897674186382967658375238879694
89372554389999875838132324698448492967676276524372
25397377855789954735642224763339314171229837723584
50 50
72279562228821183476395969894985456717192687144426
27944238361887843263252511751931944333511732998297
72124714725239423688863575159637387237125675625255
98334453986518974496552513579743972357775919378935
78145254332414269981317321282253835562447624239947
85389812697232726777233451336178797363159452378573
68667366373123151166918373367875287918426398964697
13129986694922565834673872213315319339665341475595
51823248772374597427877337181425649212839619578313
87277253354473151542249442147482223755572127259172
69213837919713573649181426253556773124152829198836
33278348572887679775345284389374661682895297435893
28889427642917715361793173274377876447547933966826
28877471732987686527387221263742858219835558483356
97953754619423673243594216476218264574816252969598
53827833968778777813474265423671117398428765796418
95726829952689877971214625951867982478155961981971
22192817324956614114274625963362952116923197863379
78914231513457953728897549162313441548831813877889
26149143295887662665547477636767415972925713847755
83434797469774627523246313562452742648526577739192
34536844459858481959543619946367871573447853242517
83999362328825911966352318786854484389858319784515
21848687667741839194368486988357547379445737322588
87567228471579287643248477464783249843229114836971
39943284465169251422395713387822175165436238591469
77598353741767667223246949125118326384823586247255
59876457662768933261668299622382911555178332264496
81651888659849819356718277553371115266763847131885
75649194181133296243977611879837846882244646472727
48146952498163836774215311899267526222812766485992
97719174499964221451671125526733725383184479974993
35635869549293167721558649241473112896463191725624
51986745143736675479185317879884769373768842383843
51385959558868145676489155355451623993843164784328
66729448753772327867343542812326128129474692912886
53476512891836311126167717876937913129854921793797
42726778922837671689534665375649295288264436226544
57484922495636728611864261888168854934266966735265
15422732111588546943654542463751352157324321929424
37824851459874439622355864678831597894485181629829
95762269617719721287736958139563975743716142729852
49583589599779944873482737383785577339758764117128
85855839281399121993447147847659786576755472784632
68477198921233173985345598519118627661447326488523
43861666386339639335611678785181379223433364239576
46472253337555311122943868855592189234821977466762
44365444696266466524788754666898837959638323113655
18462139762568634364261316627748641512477387354474
91758335137858842656845599977611815952596947513229
50 50
57327771873384698139149884891527592618893838715423
98289845936854391589837567517578785787637279186826
71671722695981415265972289355158253915188556555782
71168332957399286994833778231468797231925529759646
33181728589881975498622171419321663859268769346426
98646525745898598197229474191435548578724116874624
41943254988677557184946953787741172296813121216114
77827244744822525499737193255651243435191963931265
53374281451928916569268153623627771283375316484184
58729958345882856665843876468488531798941848523761
36258421348271561974543953432588621227946618144554
89918763972169239631548139124547379924268433433244
13468865581416538528987877785965573656252197931249
65398977486188326869329634441493244472623278651984
86484673893987116273411727398592318497518489232598
44268733839132689962819236863292713116435145284259
21513417651785659213192796487679331566254633123945
44724216193739883465223193285255262652381415279141
61982466689918663197615178839465138361333625627853
77339152328116473418976751293352123469442659636381
64319789715232731443843972188932587832113739264826
93782275829189738593456338382376122112156618848471
92494415995735275514916511467114775361183923196419
51218736784762369547318369496978432773815356991791
72774679133129167448693256661835757533572697717264
66829172519577275284997692943374497258576214275282
33536287278389473511779635935969854434499291196396
13769318681132355429476449947591746697498687122284
84329351189252465518535142413454627497744196246327
29642985867125497769755553866373856636745264569867
84864527746376211764778822664193952561481575221142
16865838682243936998718411161262878595795696388648
26929346818167511388481924928395588538152113466269
48545731699974464564534742858161418682197472437866
94949466753566853657926329211878245578278463522913
82897922551876484864174322487474958626536893127134
29197366782255947295546815326129552349346728157892
56971456212785165973167938333863953354275139345439
46539956315317948648725983364872474988647858535464
77325532731663972649186858121311281549543352181361
58751962384916566426874362348768988863181464313853
59563764146235432436135422784948143682663792625529
52879266853439755874676261287759587472179227448261
48437978191821964213398499568563762742347696554327
29322677736548591682157248886999148495756348333388
71669153928634512372295285896662213483516717844869
72395822517544586772214548959194277473859159971915
12483211164879891389966161162786142732454388562715
42178432513836751736696458439124317451542542576313
29654412263795841326658114456696742327777146312514
50 50
63787148254262727452842352996369113141722995929929
71427272716856845799638783666233878933654268637612
92933958465624741616418627849388557646793868968153
85437954461682845622635478644852288817672843331425
36473811229989151333558521794886859177943927934891
79748994632973238424889531672773695118286598952429
85568336227893185523493798727998842539776214955993
61931351157339861541834543429738288451256485149376
82677136971724957596735757171556829413339397584333
15669685697643126327312962238193158655258336232927
71243638596562629171127216752535366148421749636652
92392268114457484355767853513233319527166744891199
88699549971583364429145973872445651696424916218138
51373471641498572752654293555812732151568377545249
56363396924475744363319956984231931873731531127794
47764164419645823327936451477795877671721816181918
39911655185127912374718933753678961437587772751747
69873441264859833373486132445121412414975133731114
67382171379398252625588874857886541333446769747447
47279386517996993153456664711921651252647545143132
73362138337961163193211298543521248367975375642722
66938176976846255347769152516546268492763858936331
42385394517692977774792924146621355599915617298754
18982426685752639463195711769758257528992354772986
44333636139862546949132982582368551636167261385465
77254735242978759757991236567721461822899665366139
14971222142858828958269765619422625129517151724859
44227928646885894896844931471634348616188438514994
36993895867925992783494815415188584945311656133793
97366626242193667699454865236267169941274931575847
46857689523435425139551155945127849131486817412484
21719456975726799815663253753352722391651365849437
89538943121825364212412114658212347646882137112127
45968839314263568232482194638448436448667466348551
86752257958314891274413868695776361627874823712969
21482732542391818578676725766362688751462115881672
35334622122847262242621735859726966514421638573839
11567567891729236742296725972233469168846883539467
17854395784192335814438371148428217136871525545881
53983462687941818859233182367969745977135294769157
46272198565649252122893736851198921876388349776338
34899247661761532654417941634619654293543342184245
41287916893112811332256926927773456929167928734953
91958426263443388793582642624784218356713377921922
32463433838349762274776252146438394461521755824816
95671885439715883838675136359834161213475582814863
81491133171927888889274914158549315469664361322859
39324212996167626657848361615194995244998454525764
71269997985494396462933331568247556114543844585487
77136439675744957217151669641977513291834586893248
50 50
98424482456639375424632254779324434526481537753621
39618621885144574746594673875681391999323522818381
84557917862369241411763962766128412758852833883918
93218773126727138297212529217717366475645528999535
14239868973249162681165377846118815374646556493565
73713117669358316178346639353799636938382687562429
77194319586352844278181393835792114728131596828159
39239797234232797962427951892259648235839687932714
49663496991751971467794318767243726341377129362241
48513368489965366629743897727394895191119323776424
25578322381168784436549919293344837927364252849227
64417896162713146848122239368322164548491274217349
47378159611218869849518218631378972451724289873514
62455793175776966384562739186879465828144722223739
11721248415828242824455716334927211658182892666379
53493944375735155633168992152158135599242392288369
18827211343421325747256663546353529199835129937824
98572798475162644853927147449586754259678676546395
93956815638597442451988889676573565828328911426884
64741125983947862842831187277253584574616865446892
39665512213313695871537676935263175437857394565277
67362825977447354438846219623351749355756787847646
81293998533124638519817725147994415418893617784614
74586458758741299629348396353533656173757318733277
33453946817228185837564639359951324934269817844769
23184226627683454952463784711339763153184956926734
82289526279252829817693273473467916232155251279916
87926536653325418192832161676342857514669776614411
57962626126421464877382173311894489843681379218455
53437833534454326884168448985191118138459939283477
84139495958261561195465587126419271562236978359559
99553449839654495793554528191336449899744164989925
42363186982419497136796353284651446355772278875119
72559672795562228383948896283418417993411919251636
49331549454189155715661691471825422538698737255411
63454984354579321241713742263368166724111521785859
77545736198725785836878416344746163688394321432813
45669222649398286216912214586147349239946921199437
52417116494764486653872228483285224957683915715796
21615932689716981657332945574971113884264391762287
26611728684523384816724445716181446714193446166768
52972536571575388739419412363399798995877219713372
45384895357152143782911323499634556189444492466845
41355958283688466773595788446645918423175428855956
98555328114839562277432931442198927844236413372757
13268317344154777427935779895728556224347137525375
31428814249677448171781911853396911952998115859732
85448766417423242868618677241871442366932375656495
82876638743511497733855282896261966974691412212554
43761958821929831165442355417524267786427158822648
50 50
92964959949487324837494622674386255957221314765537
23836138766143817937525188824325584244152417558176
95818236532974476852882381371248716619465345318559
19557593232211716125914223629193647271384962478385
31521151644345247425884627951667992692258884111249
34134586558433943395117785725167682562773169448244
22698474725577362495437151765959661142894611677857
93325623346447144313626131168338624982174129139825
71247242433556792562371923427173576551332331359392
74361995752714337482212293576288523155437614788453
59463533547658861813124265523321589831541491532325
75891489226183161663152753557985184132338515666293
93536755889385674969867314937738929471976196363413
55239326229186123178889491291398972597989822817884
72662274797597842924536944929656844854434772742574
56871484955348588986285294594442191356647373986928
96523468787763818712142811711332959981979268647336
24652143466379674561489473737253974812393993118568
29358421392198841958734665864886975971692268556461
12982451262839289595381919585929112385712951953743
41697941725949829551815274489544935955747859163861
42326795115492882275259933857531985745334234835297
61924187145771442711683428925731984657815423985269
39569147642732352455915638516313412997874116422461
93922793834279354637224487294163137258745471429961
34429971238184948723666237136795534724386396141863
66632432115521485555189325156819867821253119897657
31497166619377967588391633112685358545957228914221
89647151121394768344958775436538133454176839186941
43279582129425586724665871357987993445877716298449
44123767845531565481346711699423961224449311331792
44417747933338251799418461793628393686499644641781
35689693996837354739725511824535224464511225623846
68973578729768331951794258963775425978171623184342
53143431659816973512357948743793577665183317746479
71967772344814745835276454549325897758226833661596
73472271438419818773944458867243476852552842857748
99325333351332367983139983247495776245715772394453
32732464875531773816413617269519927117836679796944
86474182546184816636477181622639367332958263331974
12132655885344979712935819929692671727191312352164
56416117995117466947768938291773529617858648272269
54692745196934118957569178238745517845322273654617
92897496367311851362789931592188353228553991352651
12627272216651722569151944694527273897298197963365
37469259765535151266518621157991516743234912573177
68315124633959548286561378952932838738671596481796
13569196159993966138689957724188312767378439711236
98998214225188255488984275135472112647492735241668
21222996391168747884643811729895768666513488732175
50 50
87912938592671219789168537891638199859931554356224
91272645232819476374973925779883235698548637546995
13456252412844668239281915566777672167639196148826
13673372291991732323384216283938563935442453859715
85336325872733953823326461476742739889949959927429
48482289586396646793993517618424653775541734245388
93982452431138878593475828297825757342482411823474
77213882617537892877672352411674557155519763685485
89497284292391538524452939731355799622887917575261
45995781646222333496818537898985831891697535968138
36488126866196659846575772592333437935535161678943
43531834694365831599565997579959891463693521673556
84128192932984421288852298361746734487591143324724
14651893876187643521612712377241368668778541375421
61193771922171383945463546842849987977136991825774
45322263846582281165521487936264973152624654473169
14122946486838459144931982126164492359267119799581
48253142415163664822449853122935274657637432424339
82334865476748453346652224359846853681934861196454
86971367395878993348729372262436742764228897544596
92583934972529941471594739926923673266216113517687
29763934584615118726153633273529126264154181439261
51581251721699623237347629667681963648859925288152
58822287758731999899955731144934395224542535191775
69146254696511466443677244387215945846897774312274
61396867374581955385368237782358846716637372623597
39663467574334111841633999967761287961921445855818
92367187628622389747137792455695285466578774854918
93314523554794324533677849475815668794258487221363
85272753665214665143564723242631931288672424386597
91142124275533141151118342482372414672917198476244
42563592523427974357545855218125666898939959735569
96944279575931724626657827892367889916293225362582
67512744977996989147943669649952175368419534216357
64997841854615181583876414621358968242428616275385
95345456943198612552836944197494837456388834777434
57393935239528544142431436397634326372932732299735
16519881431181752456654454926718414281635487421551
21897489884423195856466459643615577152397643724422
71279862967866443333811675311419526714186284491911
35967966722385125527574317981441852687684865113297
91298712232335899296188374967246576455617492178667
46881412448474819241972581122718537987653546293881
45479575155832536573631381223992131283233325182336
82542853122936243486963712761538695624519811179131
65159536417719913114282339268363347913319348297568
75558484891838623847922156154257236219513478997928
61417543538544272892667164229276729462193496167486
24674616266446182931599326757869769467588789363568
48127173546895948454455245191981696834774387431667
50 50
83752226174748257111831896784671811384769641558121
74492274115112949566874231728627428654395524267782
44125561272657996861417534172997196928345511551466
89842172614395479361389828794324854719189196428765
88847597343821158758135817552521927177844217615183
19613549573472476932656563171462519518812216492714
45688434659356396742832656925874524585255523869163
68126789921724449928598592695952593219785265724594
11979351692126259641229634317114749842542928363312
72754429997994384968376813767699557955894835977367
79373334124787717331152935852377173176889291369141
54924319839455885224893523878646834867591853149413
69359675221142235919332194445828892418751179595623
76693393831497718313237261782468865359521629231775
31871524114559312145565776538388417254178153711972
41997615526192622488649779548577261716846433382618
92529284831271743896649238481163119248512978219192
84313386316253794838672199289892524419352958985323
88636271148338852845324297557159143764126185296921
24829691574968521191369294671273357575433771958158
21525263683366364121572159371592324791295658987571
72937934841689637671356456498781563644849539649993
21313129331367226327122314366487635167962731489387
16693856668741939725552253287734931148668331972961
52694911623574816144135872438547729941674347188476
82639532985182549158562451316794619489961733934626
11115312427793476388113942721114945656147393552352
45648626694674839424393566851938686495269225234618
45989169331657758691324313498359533315924747128857
63825292259273857974363146594527824722821281388587
52134215962892356746682556765395393112931548467287
56417811616191739184699797111226528394887597428358
89654776678652571241678274532564667145922243217242
56934643881393124625191244421331183345169237249942
56599651157352117187373952185928196388123185765444
34839276943453936456319348274471467489294378749312
73538371769233551881595476811152639546228539325674
81176199139135123246882444665978831225494268815498
81292747945987189318977737528848391119551339616669
44847992812427172345975611536235758254672256189697
29489793323119798213595782284751184611884761679573
75645185957869977514737893626629187175677841545566
56276953487357966435531346861831496532459429379853
98821213328354151284622425381413564918619875578952
75683586914937491778882727211869859687383696781359
81259478819973286661574298422545387434378233456382
12345684674492935953782525953871954976415782347885
68538665477133126389529566689584579854457481423444
53764172548943848486626299966161727121589192292472
96599191628953853275858791383364477815141738122993
50 50
28287679377996517874423897577635232868519155392532
42581623192197459313847121947975751883843897468467
26339527459433296677762778987727841122492573475213
35634831372499683526654139189259832397144672898894
66616563498161249916642675614529292396457758984868
29767772412756431675291862741488548456917235842113
39323586137794165577717271342874777854517887635229
39526253998527176421362119757273962886368397686942
78966419652131396422167995975791446789889731341229
35629129788396544361578741257191295411976812525764
85626139218281171698772738563188742736656613514796
28149945716911517916857817736742615977834383648879
29937487821586758639673539426849123263143222278198
17797638365775283745845989925336688134289882538368
85439468615913511894617435877463889948749424452554
64766384482993965815759123234831425537448821691279
11626751388674136578184868384627789613759595686179
92739746718496412389423195215369765255955574592714
34391275217547141699925915378144188259998266915467
49681432969919489582874616926435483877393293554887
81828856569578895618298547851255269861171698619136
73161686633181735432543413514524946415645368538336
42429743479768177363247214366773623776871711855365
72298998422712622792785758199371529692213385133158
28715321371838454832569518197338582358493995548769
26349185472678921151954221669313812731244124466248
81393795555995477247556559416958359748464794936418
77524245871114443521381684187646595383738661356236
64958888581875123784232881394154531113394561961511
98996511461534316376777631363452883521376289117198
99236212498435398789716917846665655565784529593452
35239885542136465162382165258282149295988437536145
42397849458944613164963426267814646734822983961124
93526385453592873866337714984491974789121983942227
29188924455437262628528784688277255279848999918564
57882428545739746137443674862455947452753552545388
17741415626199284483665151326153737421162942596664
95268676878696873699397632179191721368584176174568
33585551974759362858541665784725387931375829796773
24561574814912273141275784943179339168739353382157
91128543142912844918595481357742388538698867668133
91716474666672726778432362346299263769729788266592
59485171843315196156375643355611596622917739324434
67427556446689916852838679192364345883243956483785
31775492479346583972347565326839572963987264138591
21648163733231271259944815169639683565141767748784
31363475553952375263398622687738769687742434876765
45353329881388522363312661326363127174752682344175
62481711394732948757567151324194437988527569926548
62234627285229736233249366159818132491434599141592
50 50
22859137859885636397223267464577753391138949396338
25721139964129913513767534984718732868871865988256
57982766149945432118881386693867155752917887891853
42992433685122342464658741799543413973789197469644
63998725838287945848568815998318189694959176792513
83169132398731161911871926133736795869499617818718
72727672256829583994966928262823446187293991682226
91432361212934414562381369244551917612513799994153
17648475953858327546644679635631495989544732441371
69667758151167794223946836916785814455274219334893
51621347267672247163158992823153386667119852186873
39433531949398562631286623126497836671734624716516
76256869319844464559852435513399291213195132456997
93559158519185538727271348339735416793932964593321
55299382926481429694689745564882313445752283537752
59244614169515498859978345747434381422844879397828
98992997793824618431993195447626299774864666126892
46889978597585332396786443673933195715669892163767
41693719797138631298799688694367571392392484213932
19532686247892719333424538533175728688598388961639
99858285182325238358266165315736121488949244119732
68397654989847254388734266538784213885432716736969
12339732682425689334923617945399292227782525357581
37979577515792852597682299243179275526339383722345
81383377397863634732896576941641196542989567394974
47684778983299735824837565864742975312467365578359
62567629411464923885936588168392121425471652634969
29895854839764993218759287513879797394238123646736
96623225485648536961171373428798474631761821161185
88718349745514776216574732823345177137724946912178
32229384375795526178388211427679444925787952484694
79185424665789228878246816141372999791844995129812
35917456552694469969982593827891426862642918518962
89949382377888877444283386755579182645471665953813
33881835758155219245915133953875391328433552497631
86415246746156851722936976951343555586858896511836
33656859976784227439738179949757241684247733692593
59854785589849935469527689728261247392255857588574
14899899434524668493355164669152111181516584887999
89338414761581179142532827881825594598594295661624
87339559423526539612724865652374643552896733255417
77141855282217834117182881273671973489889148433511
69791923582989264423854498882793457279714614439416
28949292321122321564829723267585681589627598889688
54647237362348662364986578759168839926753771749718
43836913235414542916395584513812851255117642197596
79469676926335687378478889787285787645324947428612
42484438721868447861261951768671819585136475597836
91593386778317797483896143433295474852448863945651
47685665365267644922439822464281633372711843931139
50 50
91111111111111111111111111111111111111111111111111
91111111111111111111111111111111111111111111111111
91111111111111111111111111111111111111111111111111
91111111111111111111111111111111111111111111111111
91111111111111111111111111111111111111111111111111
11111111111111111111111111111111111111111111111111
11111111111111111111111111111111111111111111111111
11111111111111111111111111111111111111111111111111
11111111111111111111111111111111111111111111111111
11111111111111111111111111111111111111111111111111
11111111111111111111111111111111111111111111111111
11111111111111111111111111111111111111111111111111
11111111111111111111111111111111111111111111111111
11111111111111111111111111111111111111111111111111
11111111111111111111111111111111111111111111111111
11111111111111111111111111111111111111111111111111
11111111111111111111111111111111111111111111111111
11111111111111111111111111111111111111111111111111
11111111111111111111111111111111111111111111111111
11111111111111111111111111111111111111111111111111
11111111111111111111111111111111111111111111111111
11111111111111111111111111111111111111111111111111
11111111111111111111111111111111111111111111111111
11111111111111111111111111111111111111111111111111
11111111111111111111111111111111111111111111111111
11111111111111111111111111111111111111111111111111
11111111111111111111111111111111111111111111111111
11111111111111111111111111111111111111111111111111
11111111111111111111111111111111111111111111111111
11111111111111111111111111111111111111111111111111
11111111111111111111111111111111111111111111111111
11111111111111111111111111111111111111111111111111
11111111111111111111111111111111111111111111111111
11111111111111111111111111111111111111111111111111
11111111111111111111111111111111111111111111111111
11111111111111111111111111111111111111111111111111
11111111111111111111111111111111111111111111111111
11111111111111111111111111111111111111111111111111
11111111111111111111111111111111111111111111111111
11111111111111111111111111111111111111111111111111
11111111111111111111111111111111111111111111111111
11111111111111111111111111111111111111111111111111
11111111111111111111111111111111111111111111111111
11111111111111111111111111111111111111111111111111
11111111111111111111111111111111111111111111111111
11111111111111111111111111111111111111111111111111
11111111111111111111111111111111111111111111111111
11111111111111111111111111111111111111111111111111
11111111111111111111111111111111111111111111111111
11111111111111111111111111111111111111111111111111
