Case #1: 30 35 31 14 46
Case #2: 46 11 39 5 46
Case #3: 18 26 20 16 35
Case #4: 15 45 1 1 43
Case #5: 37 48 46 27 21
Case #6: 14 31 49 30 35
Case #7: 27 39 14 36 11
Case #8: 32 40 16 50 28
Case #9: 16 12 26 14 12
Case #10: 50 11 48 24 48
Case #11: 21 14 17 39 24
Case #12: 22 12 49 24 30
Case #13: 30 10 1 43 29
Case #14: 33 28 38 10 40
Case #15: 30 8 21 31 18
Case #16: 38 34 32 25 23
Case #17: 24 44 46 29 43
Case #18: 4 1 42 11 22
Case #19: 6 40 23 3 36
Case #20: 49 17 9 6 26
Case #21: 34 17 36 5 45
Case #22: 15 21 20 38 12
Case #23: 0 35 34 28 23
Case #24: 7 25 40 8 46
Case #25: 11 43 40 6 48
Case #26: 2 44 50 28 30
Case #27: 20 17 19 18 28
Case #28: 18 33 26 27 24
Case #29: 37 12 6 16 42
Case #30: 16 2 28 12 43
Case #31: 25 44 11 48 18
Case #32: 39 21 46 11 18
Case #33: 14 18 11 29 11
Case #34: 35 0 42 5 22
Case #35: 45 24 47 11 26
Case #36: 22 26 30 31 5
Case #37: 44 6 24 8 27
Case #38: 17 30 16 29 38
Case #39: 45 49 21 23 26
Case #40: 43 7 9 0 29
Case #41: 10 12 8 46 34
Case #42: 29 33 21 15 28
Case #43: 10 2 29 49 45
Case #44: 12 36 49 48 37
Case #45: 47 40 12 16 48
Case #46: 41 26 20 48 23
Case #47: 36 25 15 15 26
Case #48: 36 15 28 43 18
Case #49: 28 42 37 4 29
Case #50: 41 6 40 43 32
Case #51: 33 33 25 9 37
Case #52: 33 30 28 9 32
Case #53: 47 11 33 24 11
Case #54: 25 45 11 46 25
Case #55: 16 15 2 49 38
Case #56: 42 35 2 43 22
Case #57: 12 0 26 7 26
Case #58: 24 36 27 4 27
Case #59: 34 44 33 37 19
Case #60: 48 34 13 44 48
Case #61: 38 28 50 44 15
Case #62: 50 36 38 50 29
Case #63: 18 31 41 30 37
Case #64: 22 0 38 25 22
Case #65: 47 48 34 20 45
Case #66: 35 49 24 42 21
Case #67: 27 40 39 25 46
Case #68: 17 1 20 15 28
Case #69: 2 20 41 46 45
Case #70: 23 30 24 23 4
Case #71: 37 36 4 11 39
Case #72: 37 44 28 44 39
Case #73: 26 19 4 36 40
Case #74: 40 43 48 41 37
Case #75: 9 35 26 43 35
Case #76: 8 4 44 29 23
Case #77: 15 5 22 34 20
Case #78: 2 24 33 26 47
Case #79: 6 45 27 6 47
Case #80: 47 40 24 6 24
Case #81: 46 5 41 41 23
Case #82: 8 14 38 1 25
Case #83: 26 50 21 39 30
Case #84: 49 44 0 1 49
Case #85: 19 32 40 48 25
Case #86: 35 22 42 21 30
Case #87: 50 17 3 18 44
Case #88: 45 43 23 11 43
Case #89: 0 39 0 15 35
Case #90: 8 15 32 46 38
Case #91: 15 2 47 35 38
Case #92: 10 9 26 12 16
Case #93: 21 16 15 15 45
Case #94: 50 41 4 12 38
Case #95: 21 41 44 50 50
Case #96: 33 32 47 17 23
Case #97: 32 20 28 10 7
Case #98: 35 49 45 24 37
Case #99: 24 26 45 48 33
Case #100: 23 13 34 40 39
Case #101: 40 20 27 7 21
Case #102: 0 33 1 8 33
Case #103: 30 16 19 26 27
Case #104: 22 49 49 42 47
Case #105: 9 40 13 5 26
Case #106: 16 26 12 8 36
Case #107: 12 12 7 45 44
Case #108: 26 50 13 21 41
Case #109: 9 38 39 1 47
Case #110: 14 6 32 40 34
Case #111: 34 45 25 14 44
Case #112: 28 35 46 42 21
Case #113: 25 23 2 23 45
Case #114: 29 38 14 42 12
Case #115: 25 25 20 8 33
Case #116: 16 39 47 1 41
Case #117: 44 16 29 32 29
Case #118: 30 5 46 19 28
Case #119: 48 13 17 28 35
Case #120: 35 15 5 1 24
Case #121: 19 18 31 31 32
Case #122: 35 11 14 23 36
Case #123: 45 24 20 49 21
Case #124: 20 41 38 50 16
Case #125: 22 11 16 40 18
Case #126: 48 46 26 43 50
Case #127: 28 11 36 13 40
Case #128: 12 50 1 48 22
Case #129: 15 34 19 5 40
Case #130: 32 36 9 27 44
Case #131: 5 48 43 14 50
Case #132: 15 32 44 22 36
Case #133: 8 42 12 40 24
Case #134: 38 7 50 0 47
Case #135: 21 15 25 12 43
Case #136: 43 35 45 4 41
Case #137: 38 24 29 3 14
Case #138: 1 26 4 4 35
Case #139: 7 50 27 45 11
Case #140: 45 33 46 16 19
Case #141: 45 38 37 44 37
Case #142: 12 32 38 40 34
Case #143: 33 1 29 30 50
Case #144: 26 27 50 31 22
Case #145: 3 0 25 16 18
Case #146: 25 17 2 34 18
Case #147: 30 20 33 20 40
Case #148: 6 34 17 30 26
Case #149: 30 10 3 20 28
Case #150: 2 15 33 6 26
Case #151: 8 43 13 42 26
Case #152: 14 44 3 48 26
Case #153: 42 50 41 24 31
Case #154: 28 11 37 46 38
Case #155: 6 4 39 16 50
Case #156: 28 12 35 46 21
Case #157: 50 37 14 28 39
Case #158: 10 24 6 9 46
Case #159: 0 18 9 32 35
Case #160: 17 38 15 37 24
Case #161: 10 0 48 41 29
Case #162: 37 6 11 14 32
Case #163: 50 47 30 47 34
Case #164: 25 42 26 4 33
Case #165: 10 16 17 19 20
Case #166: 46 16 9 10 27
Case #167: 20 44 38 23 26
Case #168: 4 41 48 43 39
Case #169: 28 44 17 47 9
Case #170: 39 25 4 46 33
Case #171: 1 15 38 7 21
Case #172: 8 25 41 47 25
Case #173: 3 9 32 3 45
Case #174: 36 4 24 29 30
Case #175: 10 39 21 39 38
Case #176: 8 42 18 49 46
Case #177: 13 48 27 32 35
Case #178: 19 4 18 23 31
Case #179: 1 40 29 48 17
Case #180: 31 21 31 48 18
Case #181: 17 24 40 15 35
Case #182: 2 9 28 2 45
Case #183: 5 15 35 33 26
Case #184: 27 21 26 0 36
Case #185: 14 40 28 39 33
Case #186: 23 14 11 22 46
Case #187: 48 47 1 28 34
Case #188: 34 47 12 16 33
Case #189: 22 47 24 39 45
Case #190: 20 9 13 21 48
Case #191: 6 49 27 39 50
Case #192: 38 4 25 16 21
Case #193: 25 0 4 17 47
Case #194: 19 4 42 11 32
Case #195: 50 47 32 31 32
Case #196: 30 36 12 1 25
Case #197: 40 40 34 41 40
Case #198: 4 45 50 38 49
Case #199: 42 39 50 39 8
Case #200: 19 38 35 19 40
Case #201: 49 3 15 18 44
Case #202: 35 42 35 38 31
Case #203: 29 50 40 4 47
Case #204: 23 38 32 45 37
Case #205: 44 18 4 10 31
Case #206: 49 9 16 48 47
Case #207: 25 32 22 3 49
Case #208: 3 21 25 3 46
Case #209: 18 24 20 20 36
Case #210: 20 48 37 44 22
Case #211: 32 25 40 9 21
Case #212: 9 46 14 39 48
Case #213: 29 29 41 3 30
Case #214: 17 49 23 40 6
Case #215: 45 29 46 9 19
Case #216: 13 33 5 13 43
Case #217: 10 27 36 39 20
Case #218: 2 18 22 25 45
Case #219: 2 32 42 28 39
Case #220: 41 10 31 29 21
Case #221: 28 9 44 23 49
Case #222: 12 10 5 3 30
Case #223: 15 27 42 0 41
Case #224: 10 16 16 32 27
Case #225: 12 4 20 38 37
Case #226: 36 36 12 18 22
Case #227: 33 5 25 8 42
Case #228: 44 26 28 25 38
Case #229: 48 22 32 11 25
Case #230: 9 44 11 49 22
Case #231: 6 48 21 44 25
Case #232: 29 44 44 9 44
Case #233: 21 19 31 20 25
Case #234: 50 25 29 32 21
Case #235: 28 10 30 4 39
Case #236: 16 48 32 32 22
Case #237: 6 5 35 32 24
Case #238: 14 44 19 32 41
Case #239: 19 13 48 10 31
Case #240: 2 1 32 41 46
Case #241: 8 39 12 21 40
Case #242: 13 45 10 37 37
Case #243: 4 23 11 41 22
Case #244: 10 21 7 32 13
Case #245: 11 1 10 15 43
Case #246: 32 42 21 10 29
Case #247: 39 27 12 38 41
Case #248: 43 48 36 47 36
Case #249: 37 37 48 32 32
Case #250: 37 49 1 46 21
Case #251: 26 11 46 7 44
Case #252: 47 9 48 15 50
Case #253: 29 47 19 8 40
Case #254: 21 31 40 35 16
Case #255: 39 31 46 27 11
Case #256: 1 10 8 2 48
Case #257: 42 37 5 22 40
Case #258: 34 33 17 39 30
Case #259: 31 4 28 17 17
Case #260: 1 30 44 36 48
Case #261: 6 3 29 8 41
Case #262: 21 16 18 46 30
Case #263: 23 10 42 42 37
Case #264: 19 3 4 3 32
Case #265: 36 24 36 9 24
Case #266: 49 1 27 4 13
Case #267: 23 22 29 33 29
Case #268: 18 38 21 41 45
Case #269: 1 47 4 2 30
Case #270: 47 34 44 7 25
Case #271: 41 34 26 1 22
Case #272: 28 4 28 27 37
Case #273: 46 44 39 19 49
Case #274: 36 20 30 8 12
Case #275: 43 40 35 36 41
Case #276: 26 48 9 20 18
Case #277: 23 46 15 14 49
Case #278: 34 14 50 18 39
Case #279: 31 0 29 7 33
Case #280: 49 16 43 29 24
Case #281: 12 3 38 14 16
Case #282: 22 25 30 39 22
Case #283: 27 0 30 28 34
Case #284: 8 10 48 6 50
Case #285: 10 20 43 40 26
Case #286: 17 11 19 8 36
Case #287: 27 40 16 27 25
Case #288: 38 25 21 35 14
Case #289: 49 25 20 31 49
Case #290: 20 49 42 45 50
Case #291: 17 7 1 17 43
Case #292: 7 48 14 42 7
Case #293: 29 39 4 48 48
Case #294: 36 40 27 43 40
Case #295: 16 39 17 15 13
Case #296: 8 39 37 46 30
Case #297: 15 29 13 3 16
Case #298: 27 46 9 35 21
Case #299: 9 3 14 36 41
Case #300: 1 47 8 12 29
Case #301: 15 27 30 5 38
Case #302: 19 10 4 20 47
Case #303: 23 45 25 28 11
Case #304: 9 4 8 3 11
Case #305: 7 3 1 26 33
Case #306: 21 23 23 11 43
Case #307: 40 46 35 21 50
Case #308: 38 41 39 39 19
Case #309: 8 29 14 3 25
Case #310: 23 10 11 24 16
Case #311: 2 17 20 26 44
Case #312: 43 20 7 1 30
Case #313: 7 33 27 25 26
Case #314: 29 44 18 43 28
Case #315: 14 21 8 31 34
Case #316: 36 32 2 6 39
Case #317: 10 27 34 17 37
Case #318: 44 34 22 42 38
Case #319: 21 37 49 46 17
Case #320: 4 31 14 46 47
Case #321: 45 44 39 47 11
Case #322: 21 20 35 8 38
Case #323: 48 26 43 13 40
Case #324: 32 25 38 11 13
Case #325: 22 45 16 23 31
Case #326: 32 39 6 22 24
Case #327: 4 40 10 16 34
Case #328: 46 13 26 7 26
Case #329: 49 48 46 29 10
Case #330: 47 18 35 41 40
Case #331: 35 35 41 15 44
Case #332: 8 23 12 34 13
Case #333: 18 47 30 25 22
Case #334: 46 15 14 41 36
Case #335: 4 45 14 0 48
Case #336: 28 20 17 23 49
Case #337: 24 11 6 28 21
Case #338: 38 27 18 37 28
Case #339: 28 40 7 14 20
Case #340: 11 17 2 43 40
Case #341: 47 45 13 26 36
Case #342: 20 4 14 34 16
Case #343: 33 5 14 18 42
Case #344: 2 21 21 33 23
Case #345: 5 36 20 32 24
Case #346: 4 29 23 49 46
Case #347: 12 38 14 20 44
Case #348: 5 15 35 5 32
Case #349: 20 45 38 46 25
Case #350: 3 30 6 50 47
Case #351: 25 46 14 38 37
Case #352: 49 50 19 46 33
Case #353: 31 34 41 38 18
Case #354: 30 11 12 43 26
Case #355: 27 8 33 23 23
Case #356: 36 36 2 16 49
Case #357: 46 47 16 21 26
Case #358: 36 16 5 34 41
Case #359: 27 39 21 48 18
Case #360: 15 37 21 48 47
Case #361: 14 36 38 24 49
Case #362: 48 41 6 32 36
Case #363: 45 11 40 1 11
Case #364: 35 20 0 9 39
Case #365: 19 44 42 30 49
Case #366: 25 3 30 5 38
Case #367: 49 26 45 23 50
Case #368: 35 39 37 40 32
Case #369: 29 19 26 37 37
Case #370: 43 15 48 23 17
Case #371: 7 9 15 31 30
Case #372: 22 21 39 17 45
Case #373: 38 45 3 15 39
Case #374: 12 42 13 30 35
Case #375: 39 39 44 4 23
Case #376: 13 46 33 45 37
Case #377: 13 22 15 19 43
Case #378: 10 11 20 21 11
Case #379: 28 25 24 10 45
Case #380: 26 41 6 29 33
Case #381: 13 27 1 39 10
Case #382: 12 34 16 5 31
Case #383: 8 19 24 5 37
Case #384: 49 27 48 4 43
Case #385: 7 0 31 6 39
Case #386: 50 44 29 42 47
Case #387: 47 21 44 5 49
Case #388: 6 20 19 42 31
Case #389: 37 36 18 14 48
Case #390: 31 26 26 21 45
Case #391: 48 29 35 30 21
Case #392: 9 20 18 19 18
Case #393: 45 48 4 38 48
Case #394: 36 6 43 33 40
Case #395: 7 19 44 0 28
Case #396: 28 43 14 48 27
Case #397: 43 21 47 6 11
Case #398: 3 0 6 20 29
Case #399: 11 28 8 1 41
Case #400: 27 25 49 46 21
Case #401: 48 23 14 17 27
Case #402: 38 24 22 15 34
Case #403: 6 50 1 48 15
Case #404: 7 24 23 7 16
Case #405: 36 39 13 23 17
Case #406: 50 7 42 23 13
Case #407: 46 14 38 0 20
Case #408: 29 36 27 50 32
Case #409: 4 11 28 23 37
Case #410: 11 29 37 16 35
Case #411: 21 21 19 39 19
Case #412: 13 37 27 50 32
Case #413: 23 10 29 23 42
Case #414: 15 40 23 30 20
Case #415: 16 21 35 35 42
Case #416: 15 6 5 34 24
Case #417: 16 38 27 2 43
Case #418: 50 16 45 48 25
Case #419: 19 26 45 25 31
Case #420: 42 41 8 46 40
Case #421: 7 17 6 16 4
Case #422: 26 35 41 33 41
Case #423: 22 34 37 9 31
Case #424: 49 44 37 14 25
Case #425: 34 6 23 34 23
Case #426: 26 48 50 17 26
Case #427: 48 28 8 18 43
Case #428: 2 39 6 14 47
Case #429: 14 28 26 29 24
Case #430: 43 44 17 41 48
Case #431: 26 18 36 7 21
Case #432: 0 1 7 31 18
Case #433: 13 42 29 19 40
Case #434: 20 35 13 6 22
Case #435: 0 35 11 40 19
Case #436: 32 43 50 23 32
Case #437: 43 11 10 18 32
Case #438: 6 2 8 11 7
Case #439: 36 10 29 30 29
Case #440: 42 27 25 33 32
Case #441: 33 6 14 42 27
Case #442: 39 36 49 20 12
Case #443: 27 46 23 39 11
Case #444: 32 1 10 35 48
Case #445: 42 34 36 37 50
Case #446: 18 18 8 22 15
Case #447: 18 31 23 32 4
Case #448: 30 1 42 16 41
Case #449: 37 5 30 9 33
Case #450: 20 33 16 43 13
Case #451: 10 18 35 27 44
Case #452: 44 42 48 15 22
Case #453: 31 45 50 24 23
Case #454: 17 45 41 22 34
Case #455: 22 28 5 1 20
Case #456: 42 49 2 13 43
Case #457: 27 17 20 24 43
Case #458: 4 18 22 19 35
Case #459: 6 28 3 43 32
Case #460: 8 22 2 26 45
Case #461: 26 46 20 21 49
Case #462: 48 16 4 32 48
Case #463: 1 26 26 35 14
Case #464: 24 50 46 11 26
Case #465: 36 45 39 31 26
Case #466: 20 19 20 27 32
Case #467: 40 23 38 29 38
Case #468: 13 24 37 38 44
Case #469: 26 43 2 24 43
Case #470: 16 9 24 10 22
Case #471: 22 30 49 6 44
Case #472: 28 20 30 13 30
Case #473: 20 2 34 19 25
Case #474: 21 17 40 15 12
Case #475: 0 36 14 43 26
Case #476: 12 7 48 37 31
Case #477: 9 4 27 6 17
Case #478: 14 30 2 31 34
Case #479: 33 39 28 35 46
Case #480: 42 45 27 28 47
Case #481: 12 32 45 11 43
Case #482: 50 45 29 44 18
Case #483: 49 44 34 25 47
Case #484: 46 31 9 34 46
Case #485: 6 4 7 3 10
Case #486: 20 29 26 32 45
Case #487: 38 4 4 9 36
Case #488: 27 42 24 35 9
Case #489: 30 41 43 2 31
Case #490: 24 12 33 14 25
Case #491: 36 8 20 12 29
Case #492: 19 22 12 26 44
Case #493: 43 3 31 9 13
Case #494: 42 16 48 21 34
Case #495: 38 11 22 39 30
Case #496: 18 45 16 41 31
Case #497: 1 21 28 32 25
Case #498: 37 7 29 30 27
Case #499: 18 43 2 21 40
Case #500: 29 24 31 4 42
Case #501: 14 15 17 8 4
Case #502: 36 1 41 19 34
Case #503: 38 13 39 49 48
Case #504: 31 50 32 31 20
Case #505: 12 25 3 20 12
Case #506: 16 17 39 0 29
Case #507: 13 7 38 32 31
Case #508: 40 41 10 44 18
Case #509: 6 33 2 13 21
Case #510: 7 3 29 22 26
Case #511: 3 7 33 21 38
Case #512: 38 15 8 44 23
Case #513: 18 46 23 45 39
Case #514: 29 20 50 24 27
Case #515: 47 5 21 24 48
Case #516: 6 6 37 33 33
Case #517: 22 49 30 14 37
Case #518: 27 24 6 36 31
Case #519: 40 19 17 10 45
Case #520: 10 29 15 6 18
Case #521: 43 10 21 43 32
Case #522: 27 3 48 26 17
Case #523: 34 37 50 27 24
Case #524: 14 10 9 12 41
Case #525: 27 11 50 42 25
Case #526: 31 8 25 22 25
Case #527: 18 46 36 15 32
Case #528: 35 50 19 27 18
Case #529: 8 10 4 1 45
Case #530: 15 2 41 17 50
Case #531: 11 41 35 45 43
Case #532: 26 8 32 17 49
Case #533: 0 47 11 10 21
Case #534: 17 30 26 39 21
Case #535: 48 24 23 9 34
Case #536: 35 0 23 3 23
Case #537: 30 28 26 9 31
Case #538: 13 14 47 44 46
Case #539: 34 16 26 31 40
Case #540: 22 43 27 36 30
Case #541: 42 14 6 27 43
Case #542: 6 19 27 22 19
Case #543: 34 36 27 6 41
Case #544: 7 35 16 26 23
Case #545: 24 10 11 22 42
Case #546: 50 50 40 0 30
Case #547: 44 22 25 8 44
Case #548: 16 42 10 34 7
Case #549: 35 18 24 37 19
Case #550: 3 36 1 8 23
Case #551: 38 6 4 8 32
Case #552: 13 31 3 17 46
Case #553: 34 5 33 30 23
Case #554: 49 4 42 12 15
Case #555: 37 4 36 24 49
Case #556: 15 7 30 29 47
Case #557: 45 8 23 17 26
Case #558: 18 7 34 29 19
Case #559: 25 31 4 33 24
Case #560: 50 47 36 21 36
Case #561: 47 41 33 45 39
Case #562: 33 16 13 0 39
Case #563: 26 49 14 37 9
Case #564: 32 5 31 13 35
Case #565: 40 6 24 46 30
Case #566: 44 27 15 46 30
Case #567: 32 25 23 9 13
Case #568: 47 6 30 8 25
Case #569: 16 29 23 40 24
Case #570: 23 23 6 36 36
Case #571: 25 40 15 7 47
Case #572: 26 8 36 34 49
Case #573: 40 19 3 1 45
Case #574: 38 37 46 15 14
Case #575: 38 23 11 36 15
Case #576: 35 24 32 42 48
Case #577: 46 35 47 26 19
Case #578: 12 36 6 22 34
Case #579: 2 26 14 38 24
Case #580: 49 23 36 15 13
Case #581: 9 15 48 29 36
Case #582: 32 21 9 9 27
Case #583: 30 0 8 23 25
Case #584: 27 16 47 25 19
Case #585: 19 32 3 10 27
Case #586: 14 35 9 45 43
Case #587: 35 33 4 27 21
Case #588: 23 2 4 46 34
Case #589: 13 3 19 41 40
Case #590: 14 9 48 9 32
Case #591: 5 3 3 17 39
Case #592: 25 29 33 27 11
Case #593: 16 14 19 21 15
Case #594: 22 10 1 14 19
Case #595: 1 39 36 13 22
Case #596: 43 28 26 13 38
Case #597: 26 32 28 46 43
Case #598: 23 6 33 22 11
Case #599: 48 21 21 38 38
Case #600: 42 33 48 24 33
Case #601: 2 36 20 43 15
Case #602: 5 11 47 4 34
Case #603: 2 0 28 37 50
Case #604: 30 30 50 13 18
Case #605: 21 26 37 3 31
Case #606: 27 9 35 12 7
Case #607: 40 11 22 36 43
Case #608: 48 31 7 20 35
Case #609: 3 9 28 1 30
Case #610: 34 17 42 26 39
Case #611: 20 19 16 6 23
Case #612: 41 38 16 26 23
Case #613: 28 22 15 35 38
Case #614: 12 7 20 28 13
Case #615: 9 48 33 19 21
Case #616: 19 40 9 38 43
Case #617: 26 0 37 16 47
Case #618: 37 49 24 30 15
Case #619: 30 36 11 42 40
Case #620: 18 27 22 43 22
Case #621: 7 31 26 21 11
Case #622: 0 24 5 28 46
Case #623: 0 29 26 1 43
Case #624: 41 24 39 14 41
Case #625: 20 34 49 13 43
Case #626: 0 31 24 4 44
Case #627: 35 24 35 5 47
Case #628: 13 43 26 17 33
Case #629: 48 28 43 38 18
Case #630: 17 12 49 39 40
Case #631: 26 14 38 44 48
Case #632: 32 26 16 23 35
Case #633: 28 11 18 47 39
Case #634: 17 0 41 36 47
Case #635: 19 20 24 38 10
Case #636: 0 15 24 32 30
Case #637: 6 33 0 26 44
Case #638: 5 18 5 11 18
Case #639: 26 44 50 36 45
Case #640: 3 41 47 31 25
Case #641: 35 17 26 46 42
Case #642: 1 31 27 12 45
Case #643: 3 28 21 13 15
Case #644: 11 34 8 37 3
Case #645: 35 31 22 13 20
Case #646: 10 8 13 43 34
Case #647: 3 22 46 17 44
Case #648: 30 23 35 15 22
Case #649: 9 20 39 29 38
Case #650: 12 11 16 32 24
Case #651: 26 44 35 43 47
Case #652: 16 47 31 49 20
Case #653: 8 11 49 21 35
Case #654: 0 8 44 12 24
Case #655: 21 22 41 24 14
Case #656: 3 35 43 3 30
Case #657: 2 26 5 45 32
Case #658: 15 13 22 28 15
Case #659: 2 17 8 17 9
Case #660: 7 50 13 39 34
Case #661: 20 8 32 22 41
Case #662: 2 29 27 43 25
Case #663: 3 10 2 17 43
Case #664: 6 47 43 50 30
Case #665: 38 43 35 40 32
Case #666: 19 14 33 19 31
Case #667: 24 47 4 23 26
Case #668: 37 38 0 44 23
Case #669: 24 29 40 18 45
Case #670: 22 24 41 14 32
Case #671: 9 28 39 30 38
Case #672: 14 24 7 17 27
Case #673: 26 7 23 42 29
Case #674: 14 25 36 31 26
Case #675: 3 11 30 30 39
Case #676: 18 1 35 15 39
Case #677: 1 21 35 50 36
Case #678: 32 44 34 24 44
Case #679: 13 42 19 38 43
Case #680: 14 50 1 33 44
Case #681: 0 6 2 22 21
Case #682: 15 0 28 45 43
Case #683: 20 27 32 32 27
Case #684: 11 21 14 21 18
Case #685: 21 39 20 32 49
Case #686: 32 45 0 5 30
Case #687: 31 36 38 4 44
Case #688: 44 5 30 13 10
Case #689: 46 37 11 49 42
Case #690: 37 47 42 26 30
Case #691: 12 46 13 23 19
Case #692: 33 16 27 4 9
Case #693: 26 18 18 39 49
Case #694: 26 8 44 45 31
Case #695: 7 10 28 15 17
Case #696: 45 41 40 30 47
Case #697: 20 10 49 18 17
Case #698: 17 23 45 20 22
Case #699: 44 12 14 2 29
Case #700: 28 29 19 4 26
Case #701: 35 8 30 15 17
Case #702: 18 26 50 25 19
Case #703: 50 9 46 41 18
Case #704: 29 38 49 13 43
Case #705: 1 43 20 20 20
Case #706: 34 34 10 22 30
Case #707: 38 7 46 15 20
Case #708: 3 4 29 2 17
Case #709: 28 19 42 1 46
Case #710: 34 11 23 13 9
Case #711: 27 16 42 16 36
Case #712: 40 46 46 48 7
Case #713: 29 19 7 44 38
Case #714: 41 22 32 2 16
Case #715: 33 21 24 32 11
Case #716: 48 41 41 10 31
Case #717: 17 18 17 7 29
Case #718: 39 9 13 31 44
Case #719: 14 33 44 22 28
Case #720: 45 26 39 23 11
Case #721: 21 8 7 44 34
Case #722: 33 25 34 37 26
Case #723: 24 49 24 27 35
Case #724: 12 35 19 12 40
Case #725: 8 31 16 9 23
Case #726: 6 7 33 47 48
Case #727: 37 9 29 9 25
Case #728: 13 13 5 13 38
Case #729: 8 19 41 32 39
Case #730: 43 12 46 12 21
Case #731: 36 38 41 2 36
Case #732: 22 43 20 32 48
Case #733: 39 19 38 22 34
Case #734: 26 13 37 27 12
Case #735: 42 46 49 37 40
Case #736: 5 21 41 1 36
Case #737: 44 9 47 15 29
Case #738: 49 31 42 25 14
Case #739: 33 10 0 43 32
Case #740: 0 28 24 31 44
Case #741: 28 4 13 9 35
Case #742: 10 41 11 5 41
Case #743: 45 19 24 42 42
Case #744: 8 28 5 18 34
Case #745: 35 1 25 4 50
Case #746: 50 19 14 34 28
Case #747: 47 8 47 23 29
Case #748: 25 14 42 10 36
Case #749: 9 11 36 39 27
Case #750: 36 44 35 11 30
Case #751: 32 2 25 24 21
Case #752: 9 42 31 28 43
Case #753: 28 29 1 40 15
Case #754: 37 48 9 11 41
Case #755: 47 32 12 7 28
Case #756: 30 19 19 34 14
Case #757: 44 33 30 4 48
Case #758: 23 46 36 33 49
Case #759: 11 37 10 28 23
Case #760: 5 24 29 33 19
Case #761: 23 28 21 42 28
Case #762: 11 23 28 19 36
Case #763: 10 26 8 46 42
Case #764: 20 31 50 18 32
Case #765: 12 12 15 30 43
Case #766: 49 21 42 19 48
Case #767: 1 47 41 13 49
Case #768: 33 45 31 22 50
Case #769: 41 46 28 13 45
Case #770: 1 14 49 35 32
Case #771: 19 0 10 45 32
Case #772: 21 10 45 8 27
Case #773: 32 8 40 24 20
Case #774: 7 29 27 25 20
Case #775: 28 5 10 50 42
Case #776: 24 24 28 48 13
Case #777: 2 12 18 33 41
Case #778: 39 35 31 50 41
Case #779: 40 10 18 8 27
Case #780: 30 29 11 27 10
Case #781: 46 41 18 49 38
Case #782: 23 1 43 43 33
Case #783: 20 50 30 42 23
Case #784: 19 43 26 38 31
Case #785: 27 41 47 42 30
Case #786: 20 13 7 46 43
Case #787: 10 18 31 41 37
Case #788: 20 7 31 9 19
Case #789: 4 2 11 4 11
Case #790: 25 21 3 8 16
Case #791: 20 8 4 42 38
Case #792: 4 12 12 39 37
Case #793: 40 19 34 40 16
Case #794: 22 13 28 31 31
Case #795: 43 13 6 44 46
Case #796: 42 39 34 34 40
Case #797: 21 3 16 23 34
Case #798: 29 49 7 40 22
Case #799: 44 1 11 43 28
Case #800: 48 24 26 30 39
Case #801: 48 16 20 18 19
Case #802: 16 37 13 27 38
Case #803: 23 13 3 12 50
Case #804: 18 12 7 21 38
Case #805: 1 29 12 41 49
Case #806: 34 5 26 19 12
Case #807: 2 27 14 17 45
Case #808: 5 13 10 37 13
Case #809: 41 19 29 21 16
Case #810: 4 7 42 45 37
Case #811: 19 5 7 22 11
Case #812: 19 9 38 19 13
Case #813: 6 9 12 31 21
Case #814: 22 13 10 10 29
Case #815: 12 21 36 14 35
Case #816: 22 48 10 9 26
Case #817: 43 31 25 26 21
Case #818: 4 29 21 49 40
Case #819: 37 21 7 9 50
Case #820: 17 37 43 36 21
Case #821: 30 5 34 15 33
Case #822: 20 3 11 23 15
Case #823: 11 46 38 0 36
Case #824: 43 30 8 4 49
Case #825: 15 39 22 14 23
Case #826: 15 27 31 14 30
Case #827: 12 1 10 33 46
Case #828: 33 37 40 35 37
Case #829: 36 37 49 19 15
Case #830: 38 30 0 8 33
Case #831: 47 33 35 30 12
Case #832: 29 25 33 38 18
Case #833: 26 15 4 3 24
Case #834: 24 14 36 35 36
Case #835: 9 5 22 7 35
Case #836: 47 41 17 50 29
Case #837: 21 21 29 24 26
Case #838: 10 8 17 10 41
Case #839: 29 27 24 20 19
Case #840: 30 15 17 42 26
Case #841: 1 21 15 25 41
Case #842: 19 42 6 18 46
Case #843: 15 6 3 18 17
Case #844: 32 13 48 18 18
Case #845: 30 30 5 23 42
Case #846: 47 38 34 12 38
Case #847: 34 47 41 6 26
Case #848: 8 30 17 7 37
Case #849: 48 36 1 3 37
Case #850: 43 44 37 37 49
Case #851: 19 42 27 2 26
Case #852: 47 33 33 11 49
Case #853: 20 45 39 29 18
Case #854: 20 11 29 38 32
Case #855: 31 50 22 37 20
Case #856: 23 5 39 12 32
Case #857: 16 32 4 27 32
Case #858: 36 15 47 24 27
Case #859: 13 25 7 50 30
Case #860: 29 32 45 33 24
Case #861: 38 11 5 6 42
Case #862: 39 38 48 30 42
Case #863: 39 16 47 27 42
Case #864: 46 19 49 24 38
Case #865: 37 29 46 41 10
Case #866: 49 42 32 36 34
Case #867: 44 50 24 18 29
Case #868: 2 12 12 29 46
Case #869: 46 27 37 0 46
Case #870: 47 50 27 26 19
Case #871: 37 17 33 45 17
Case #872: 44 21 47 35 15
Case #873: 10 32 22 38 27
Case #874: 12 49 17 0 25
Case #875: 3 41 7 50 29
Case #876: 43 12 32 28 29
Case #877: 29 24 49 13 39
Case #878: 33 10 46 8 50
Case #879: 17 32 23 28 37
Case #880: 21 18 16 12 15
Case #881: 25 50 22 0 45
Case #882: 8 2 12 20 23
Case #883: 47 31 27 31 15
Case #884: 35 25 26 22 38
Case #885: 24 9 0 35 26
Case #886: 16 47 44 40 42
Case #887: 8 49 47 27 40
Case #888: 21 43 2 20 45
Case #889: 22 50 1 0 43
Case #890: 21 16 30 5 10
Case #891: 45 22 18 42 44
Case #892: 49 44 47 11 37
Case #893: 0 23 46 30 35
Case #894: 23 31 41 40 36
Case #895: 34 42 8 8 25
Case #896: 14 8 5 21 35
Case #897: 38 5 15 30 38
Case #898: 4 0 48 3 47
Case #899: 42 0 10 27 31
Case #900: 9 17 16 48 19
Case #901: 8 18 15 28 9
Case #902: 5 38 1 33 6
Case #903: 0 29 19 21 26
Case #904: 38 37 37 12 40
Case #905: 8 5 39 29 35
Case #906: 31 23 38 42 30
Case #907: 18 50 50 4 33
Case #908: 50 12 41 25 25
Case #909: 28 18 36 1 13
Case #910: 26 24 1 0 47
Case #911: 28 40 12 41 42
Case #912: 0 49 19 20 38
Case #913: 40 26 37 6 42
Case #914: 33 49 12 43 30
Case #915: 16 15 43 1 22
Case #916: 17 45 14 14 23
Case #917: 11 20 12 24 23
Case #918: 8 40 38 9 27
Case #919: 45 1 45 43 33
Case #920: 49 33 2 33 43
Case #921: 19 28 18 11 44
Case #922: 9 9 17 38 27
Case #923: 17 45 6 19 45
Case #924: 20 35 4 29 27
Case #925: 2 11 15 10 41
Case #926: 33 33 25 29 29
Case #927: 22 25 28 3 33
Case #928: 15 7 19 17 18
Case #929: 29 36 9 24 24
Case #930: 4 0 25 31 26
Case #931: 44 23 3 26 25
Case #932: 27 7 12 15 46
Case #933: 10 44 1 25 30
Case #934: 34 45 46 49 11
Case #935: 19 22 15 7 39
Case #936: 27 48 38 42 29
Case #937: 20 42 19 34 23
Case #938: 12 26 45 4 46
Case #939: 36 46 40 44 8
Case #940: 47 34 39 23 31
Case #941: 37 24 32 42 39
Case #942: 23 44 9 24 41
Case #943: 41 9 1 33 34
Case #944: 15 30 37 28 38
Case #945: 36 38 42 21 45
Case #946: 13 39 22 6 42
Case #947: 0 10 41 23 47
Case #948: 0 4 50 50 43
Case #949: 3 39 15 27 11
Case #950: 38 13 45 48 20
Case #951: 3 41 2 43 40
Case #952: 40 4 15 2 24
Case #953: 10 34 26 32 47
Case #954: 45 20 46 9 45
Case #955: 29 1 21 0 20
Case #956: 46 17 9 0 40
Case #957: 19 40 30 35 39
Case #958: 13 34 19 36 21
Case #959: 47 8 37 10 34
Case #960: 33 42 0 17 27
Case #961: 47 38 38 50 34
Case #962: 38 11 25 20 18
Case #963: 24 13 29 19 48
Case #964: 47 47 17 12 49
Case #965: 42 27 17 34 34
Case #966: 20 30 36 15 30
Case #967: 3 1 33 20 32
Case #968: 14 40 27 36 16
Case #969: 38 4 35 18 14
Case #970: 12 40 41 29 42
Case #971: 18 32 26 16 26
Case #972: 44 21 39 33 42
Case #973: 5 8 16 19 13
Case #974: 12 10 18 10 23
Case #975: 37 44 13 21 28
Case #976: 27 5 23 0 12
Case #977: 35 7 29 25 29
Case #978: 20 43 20 44 15
Case #979: 29 42 13 19 31
Case #980: 1 12 41 41 50
Case #981: 10 26 33 31 43
Case #982: 35 8 39 24 16
Case #983: 3 47 17 41 34
Case #984: 28 2 14 28 41
Case #985: 17 44 16 21 29
Case #986: 17 2 10 15 28
Case #987: 2 12 18 12 48
Case #988: 0 47 18 33 40
Case #989: 22 38 22 13 23
Case #990: 7 17 38 40 25
Case #991: 46 12 40 13 7
Case #992: 3 38 50 19 28
Case #993: 15 30 23 46 38
Case #994: 12 31 11 33 29
Case #995: 45 19 45 38 26
Case #996: 34 16 8 23 43
Case #997: 29 15 20 11 36
Case #998: 36 18 35 5 7
Case #999: 40 43 18 11 25
Case #1000: 19 6 18 8 29
