60
1 1 1 3 10
1 2 1 88 3
1 10 1 50 5
1 1 1 15 15
30 33 1 29 25
6798 6882 169850 250000 25
5096 5115 122648 250000 25
5011 5046 122987 250000 25
6690 6732 165479 250000 25
7697 7724 189288 250000 25
9238 9278 229042 250000 25
9371 9393 230359 250000 25
5681 5699 137220 250000 25
7987 8001 193583 250000 25
7970 8005 196945 250000 25
6840 6859 166265 250000 25
8501 8513 205480 250000 25
8225 8236 197628 250000 25
8696 8707 209777 250000 25
7495 7526 184713 250000 25
7684 7696 184667 250000 25
8515 8526 204793 250000 25
7854 7871 191260 250000 25
9388 9405 229545 250000 25
5384 5462 134335 250000 25
7121 7142 173802 250000 25
6036 6056 146518 250000 25
7896 7934 195386 250000 25
6012 6097 150207 250000 25
7582 7597 183787 250000 25
6659 6705 164978 250000 25
7288 7308 177789 250000 25
6733 6748 162508 250000 25
7137 7215 178137 250000 25
8610 8627 210080 250000 25
8687 8713 213837 250000 25
5540 5572 135887 250000 25
6107 6179 152208 250000 25
8432 8445 203822 250000 25
5449 5518 135692 250000 25
9008 9018 216706 250000 25
9195 9213 224976 250000 25
7672 7691 187259 250000 25
9843 9854 238505 250000 25
8210 8242 202694 250000 25
9284 9302 227163 250000 25
8635 8681 214328 250000 25
8289 8300 199428 250000 25
9500 9514 231028 250000 25
5659 5691 138848 250000 25
6428 6445 155543 250000 25
9277 9305 228865 250000 25
5554 5627 138432 250000 25
9464 9476 229150 250000 25
5311 5342 130129 250000 25
9648 9671 237370 250000 25
9877 9907 244116 250000 25
9744 9758 237217 250000 25
5625 5641 135222 250000 25
6949 6985 171527 250000 25
