35
2
1 1
3
1 1 1
2
2 2
3
2 2 2
4
1 2 3 4
25
4 4 4 4 4 4 4 4 4 4 4 4 4 4 4 4 4 4 4 4 4 4 4 4 4
33
3 3 3 3 3 3 3 3 3 3 3 3 3 3 3 3 3 3 3 3 3 3 3 3 3 3 3 3 3 3 3 3 3
50
2 2 2 2 2 2 2 2 2 2 2 2 2 2 2 2 2 2 2 2 2 2 2 2 2 2 2 2 2 2 2 2 2 2 2 2 2 2 2 2 2 2 2 2 2 2 2 2 2 2
100
1 1 1 1 1 1 1 1 1 1 1 1 1 1 1 1 1 1 1 1 1 1 1 1 1 1 1 1 1 1 1 1 1 1 1 1 1 1 1 1 1 1 1 1 1 1 1 1 1 1 1 1 1 1 1 1 1 1 1 1 1 1 1 1 1 1 1 1 1 1 1 1 1 1 1 1 1 1 1 1 1 1 1 1 1 1 1 1 1 1 1 1 1 1 1 1 1 1 1 1
40
1 2 3 4 1 2 3 4 1 2 3 4 1 2 3 4 1 2 3 4 1 2 3 4 1 2 3 4 1 2 3 4 1 2 3 4 1 2 3 4
53
4 4 4 4 4 4 3 3 3 3 3 3 3 3 2 2 2 2 2 2 2 2 2 2 2 2 2 1 1 1 1 1 1 1 1 1 1 1 1 1 1 1 1 1 1 1 1 1 1 1 1 1 1
2
3 4
2
1 2
4
1 1 1 4
3
1 2 4
23
2 3 4 2 3 2 3 1 1 3 1 3 2 1 3 1 4 4 1 4 2 1 3
94
1 1 1 1 1 1 1 1 1 1 1 1 1 3 1 1 1 1 1 1 1 1 1 1 1 1 1 1 1 1 1 1 1 1 1 4 1 1 1 1 1 1 1 1 1 1 1 1 1 1 1 1 1 1 1 1 1 1 1 1 1 1 1 1 1 1 1 1 1 1 1 1 1 1 2 1 1 1 1 1 1 1 1 1 1 1 1 1 1 1 1 1 1 1
48
2 2 2 2 3 2 2 2 2 1 2 2 2 2 2 2 2 2 2 4 2 2 2 2 2 2 2 2 2 1 2 2 2 2 2 2 2 2 2 2 2 2 2 2 4 2 3 2
33
3 3 3 3 3 3 3 3 3 3 3 3 3 3 3 3 3 3 3 3 3 3 3 3 3 3 3 3 3 3 2 4 4
28
4 4 4 4 4 4 4 4 4 4 4 1 1 1 1 4 4 4 4 4 4 4 4 4 4 4 4 4
30
3 3 4 3 3 4 3 3 4 3 3 4 3 3 4 3 3 4 3 3 4 3 3 4 3 3 4 3 3 4
30
2 4 4 2 4 4 2 4 4 2 4 4 2 4 4 2 4 4 2 4 4 2 4 4 2 4 4 2 4 4
72
4 4 4 3 3 3 3 3 2 2 2 2 2 2 2 2 2 1 1 1 1 1 1 1 1 1 1 1 1 1 1 1 1 1 1 1 1 1 1 1 1 1 1 1 1 1 1 1 1 1 1 1 1 1 1 1 1 1 1 1 1 1 1 1 1 1 1 1 1 1 1 1
26
1 4 2 4 3 2 4 2 4 4 2 3 2 4 1 1 3 2 4 2 3 4 4 2 1 4
40
2 4 3 2 1 3 2 3 4 2 1 3 2 4 2 2 3 1 1 2 4 2 3 1 1 2 3 3 3 1 4 4 2 4 2 3 1 2 3 2
27
3 4 3 4 3 3 3 4 3 3 4 4 4 3 4 3 4 3 4 3 3 3 4 3 4 4 4
30
4 3 3 3 4 3 4 3 3 3 3 3 4 3 3 4 3 3 4 4 3 3 3 3 3 3 3 4 3 4
40
3 2 2 2 3 3 3 2 3 2 2 2 2 3 2 2 2 3 3 2 2 2 3 3 2 3 2 2 2 2 2 2 3 2 3 2 3 2 2 3
34
3 3 3 2 3 2 2 3 2 3 3 3 2 3 2 2 3 3 3 3 2 3 3 3 3 3 2 3 3 2 2 3 2 3
90
1 1 1 2 1 1 1 1 1 1 1 1 2 1 1 1 2 1 1 1 1 1 1 1 2 1 1 1 1 1 2 1 1 2 1 1 1 1 1 1 1 1 1 1 1 1 1 1 2 1 1 1 1 1 1 1 1 1 1 1 1 1 1 1 1 2 1 1 1 1 2 1 1 1 1 1 1 1 1 1 1 1 1 1 1 1 1 1 1 1
60
1 2 1 1 2 2 2 1 2 1 2 2 1 2 2 1 2 1 1 1 2 1 2 2 1 1 1 2 1 2 1 2 2 2 1 1 2 2 2 1 1 2 1 1 1 2 1 1 2 2 1 2 1 2 2 1 2 1 1 1
35
1 2 3 4 4 3 2 2 3 4 1 2 4 2 3 4 2 1 2 4 3 3 2 3 1 4 4 3 1 1 2 1 4 2 4
35
4 1 2 4 1 2 3 2 1 3 1 3 4 3 2 1 3 4 2 3 1 3 2 4 3 2 4 1 2 3 2 4 2 4 1
30
3 4 4 3 2 1 2 3 4 4 3 2 3 2 4 1 3 2 4 3 2 3 4 3 2 3 4 2 3 1
50
1 2 1 3 1 1 2 1 4 3 1 2 1 1 1 3 1 1 2 2 1 1 1 4 1 1 3 1 1 1 1 2 1 1 2 1 1 1 1 4 1 1 1 1 2 1 1 1 2 1
