174
2 50
3 10
13 37
950 95
2 1
2 2
2 3
2 4
2 5
2 95
2 96
2 97
2 98
2 99
1000 1
1000 2
1000 3
1000 4
1000 5
1000 95
1000 96
1000 97
1000 98
1000 99
906 56
81 39
500 44
451 5
270 26
755 11
915 30
958 86
642 34
289 48
793 69
398 61
808 71
918 38
424 35
924 39
494 92
551 71
838 46
758 85
440 28
871 75
635 54
728 33
582 60
387 98
226 22
397 40
712 1
30 46
555 27
537 11
289 65
824 54
875 93
355 11
373 46
507 14
109 76
772 5
173 90
580 93
684 94
115 64
981 68
319 10
372 41
177 61
744 91
439 40
277 79
633 94
67 45
565 89
616 91
362 76
95 37
665 37
786 52
246 78
169 55
24 85
745 5
748 77
285 29
61 39
245 99
140 74
492 78
320 75
169 3
252 96
462 18
892 10
295 30
108 30
2 36
363 69
93 3
124 68
656 95
823 3
132 90
120 75
835 62
744 3
978 10
716 10
383 4
312 23
413 35
911 80
70 56
592 91
659 89
171 6
950 71
29 97
991 9
865 5
740 92
204 41
908 56
508 54
446 2
264 31
839 51
977 44
432 88
894 97
801 16
540 8
5 75
452 71
816 86
143 26
853 50
443 91
484 74
125 51
837 81
758 81
964 38
492 12
317 36
497 91
970 99
885 57
583 72
239 20
254 30
959 86
921 39
509 10
758 96
453 71
598 42
779 34
40 62
428 98
865 23
950 63
807 16
930 46
279 28
79 65
912 68
103 5
522 40
965 51
