110
5
8
1
6
7
4170220
9971849
10000000
9309119
4751053
9987391
1264969
9999931
5388168
3132736
9999997
9999162
2360890
615403
3191803
3323191
4
1144
9325574
9999930
9999161
10
4461641
6697461
3702389
12
4461642
3929879
2
9999998
13
9999929
3023326
9999972
3
8248729
9999995
1862603
9999999
4461643
9
7203246
9999973
9999971
9999996
9999163
3410821
1281246
9999991
11
140839
1481717
6735763
4046177
6716541
8873129
3877633
5103067
7783893
3949061
1403870
6987083
9516811
928009
8603593
2295773
7742461
8460583
6704676
1507483
86293
5331653
4125389
3855409
9682616
7551991
6513281
2044523
6463741
2610613
8184167
5094841
4572049
8237213
1221469
5001361
6865010
6537523
1750607
592432
5462959
8291470
559513
983469
3910981
2896297
9010879
8697851
2872729
7762723
4936439
8763892
390548
9299449
2196613
