50
3 0 0 0
2 1 1
2 1 2
4 0 0 0 1
4 2 2 2 2
8 0 6 2 6 1 8 7 9
8 2 0 2 3 7 5 9 2
8 2 8 9 7 3 6 1 2
8 9 3 1 9 4 7 8 4
8 5 0 3 6 1 0 6 3
25 2 20 16 1 15 15 14 27 26 5 16 9 13 17 24 15 12 15 14 27 14 14 3 20 7
25 18 6 8 8 24 3 11 14 19 12 0 26 18 19 22 16 6 24 29 15 10 14 28 17 21
25 17 2 27 12 22 26 1 20 26 1 15 29 4 29 10 9 21 7 27 11 21 5 9 7 27
25 16 17 3 6 5 16 23 29 14 28 21 2 29 3 29 0 18 28 5 10 9 6 23 8 25
25 26 21 1 5 29 28 14 8 1 20 13 10 14 4 24 4 17 26 3 21 17 25 9 16 22
25 11 17 28 5 17 24 1 8 25 29 7 15 13 8 8 3 21 18 9 26 4 13 13 23 8
25 26 10 4 28 18 18 9 27 17 6 14 3 0 23 20 29 22 5 4 0 5 29 14 16 9
25 2 12 14 7 27 15 4 8 11 2 18 29 3 16 8 10 22 11 10 15 1 1 0 28 5
25 0 26 4 6 12 5 8 16 12 8 14 27 12 14 0 6 2 29 9 10 8 11 3 11 21
25 10 13 14 10 3 19 11 29 16 9 3 13 18 20 25 26 26 14 0 10 14 6 12 6 7
50 45 56 79 18 87 12 48 72 59 9 36 10 42 87 6 1 13 72 21 55 19 99 21 4 39 11 40 67 5 28 27 50 84 58 20 24 22 69 96 81 30 84 92 72 72 50 25 85 22 99
50 40 42 98 13 98 90 24 90 9 81 19 36 32 55 94 4 79 69 73 76 50 55 60 42 79 84 93 5 21 67 4 13 61 54 26 59 44 2 2 6 84 21 42 68 28 89 72 8 58 98
50 36 8 53 48 3 33 33 48 90 54 67 46 68 29 0 46 88 97 49 90 3 33 63 97 53 92 86 25 52 96 75 88 57 29 36 60 14 21 60 4 28 27 50 48 56 2 94 97 99 43
50 39 2 28 3 0 81 47 38 59 51 35 34 39 92 15 27 4 29 49 64 85 29 43 35 77 0 38 71 49 89 67 88 92 95 43 44 29 90 82 40 41 69 26 32 61 42 60 17 23 61
50 81 9 90 25 96 67 77 34 90 26 24 57 14 68 5 58 12 86 0 46 26 94 16 52 78 29 46 90 47 70 51 80 31 93 57 27 12 86 14 55 12 90 12 79 10 69 89 74 55 41
50 20 33 87 88 38 66 70 84 56 17 6 60 49 37 5 59 17 18 45 83 73 58 73 37 89 83 7 78 57 14 71 29 0 59 18 38 25 88 74 33 57 81 93 58 70 99 17 39 69 63
50 22 94 73 47 31 62 82 90 92 91 57 15 21 57 74 91 47 51 31 21 37 40 54 30 98 25 81 16 16 2 31 39 96 4 38 80 18 21 70 62 12 79 77 85 36 4 76 83 7 59
50 57 44 99 11 27 50 36 60 18 5 63 49 44 11 5 34 91 75 55 14 89 68 93 18 5 82 22 82 17 30 93 74 26 93 86 53 43 74 14 13 79 77 62 75 88 19 10 32 94 17
50 46 35 37 91 53 43 73 28 25 91 10 18 17 36 63 55 90 58 30 4 71 61 33 85 89 73 4 51 5 50 68 3 85 6 95 39 49 20 67 26 63 77 96 81 65 60 36 55 70 18
50 11 42 32 96 79 21 70 84 72 27 34 40 83 72 98 30 63 47 50 30 73 14 59 22 47 24 82 35 32 4 54 43 98 86 40 78 59 62 62 83 41 48 23 24 72 22 54 35 21 57
80 115 247 171 26 19 218 201 203 153 183 157 209 228 56 47 220 84 58 84 198 241 126 148 215 52 171 189 59 6 10 16 224 109 39 0 128 109 53 81 114 88 239 176 67 147 223 37 231 32 122 31 125 100 179 90 4 100 131 63 107 244 181 81 103 220 183 232 181 237 165 46 75 154 222 142 51 47 32 134 181
80 6 165 57 208 95 249 212 47 233 26 154 227 59 87 182 132 21 16 63 110 182 211 185 86 35 180 240 83 64 226 116 70 142 25 28 89 25 240 136 110 118 143 87 178 82 121 60 205 138 225 65 70 187 103 8 222 33 100 157 97 77 126 19 71 151 149 160 28 139 148 138 110 143 77 140 226 199 52 181 87
80 27 99 157 66 202 17 141 235 118 48 184 195 26 55 16 178 204 28 58 93 28 197 55 172 24 195 0 75 247 33 162 127 132 171 193 84 189 84 171 159 235 207 104 11 12 222 41 216 102 100 162 232 149 217 154 173 15 6 101 114 40 13 241 172 37 37 109 78 121 30 237 106 90 91 220 102 165 11 69 17
80 111 83 101 112 50 6 138 167 114 239 32 154 104 125 179 141 162 38 219 136 170 206 94 10 149 64 215 64 76 136 183 39 219 35 152 121 143 40 39 109 131 173 14 235 48 45 127 63 83 198 199 105 155 43 218 156 210 183 73 36 171 108 177 140 245 181 11 240 73 50 100 204 75 114 42 124 159 169 39 94
80 219 238 51 226 133 19 133 93 54 206 231 225 166 11 217 162 192 229 152 118 131 2 174 207 218 216 183 127 237 222 73 207 62 125 183 47 246 168 141 153 226 224 230 143 235 198 55 30 29 59 148 160 62 174 219 30 141 152 10 230 226 83 39 140 208 223 188 57 243 181 210 220 155 190 113 141 138 20 171 167
80 79 171 180 243 95 149 24 88 154 136 69 232 219 210 123 30 183 163 87 29 94 149 249 101 89 214 242 80 86 15 99 165 186 131 11 134 133 137 222 37 23 143 19 242 104 244 124 139 9 63 168 103 212 19 205 154 233 49 234 69 65 185 87 103 169 200 237 52 87 62 89 110 205 210 204 161 57 79 153 66
80 142 71 22 105 193 79 111 28 128 197 200 45 132 37 149 51 89 136 103 176 198 44 36 6 107 92 167 164 171 70 230 166 244 104 123 187 183 234 67 62 181 17 209 165 156 108 69 245 245 172 171 45 69 59 51 176 152 71 90 175 243 172 91 89 27 66 128 62 50 196 124 83 213 186 249 120 44 68 115 141
80 92 139 187 13 198 90 189 202 13 131 128 7 54 71 96 183 138 225 245 40 171 222 226 134 158 225 106 202 145 222 196 89 111 133 103 161 75 42 216 89 174 94 96 80 17 44 13 7 19 110 150 42 82 126 29 240 203 135 45 98 107 241 187 70 226 40 84 51 83 50 242 109 246 190 189 13 235 54 123 106
80 164 23 1 99 1 30 89 204 165 236 52 125 79 91 47 157 234 131 61 169 181 53 28 177 244 69 43 81 123 18 187 139 143 188 238 144 70 180 98 236 18 2 213 98 195 10 5 179 142 66 98 175 222 228 103 216 47 248 47 22 16 86 162 159 127 150 53 197 182 3 35 201 107 248 49 154 111 156 84 3
80 75 34 178 47 13 133 115 60 131 14 185 147 100 97 158 79 99 63 129 134 66 164 85 25 15 236 180 126 142 116 129 69 2 159 116 15 145 83 178 26 97 113 26 50 62 36 129 13 100 8 147 166 25 232 44 40 70 76 18 65 44 249 134 46 158 103 62 53 186 92 182 34 57 60 84 119 96 65 234 196
100 324 182 65 251 116 161 143 237 187 261 202 381 160 88 279 220 341 93 124 228 335 108 362 142 270 396 163 266 211 100 115 87 234 132 290 350 293 33 139 80 294 293 13 54 382 244 275 323 338 351 151 273 11 65 368 281 13 83 99 177 135 214 264 369 346 107 272 191 140 11 223 387 257 236 393 239 81 220 114 371 171 218 196 134 283 164 367 297 200 67 74 335 233 290 257 132 349 129 323 90
100 92 147 29 349 335 22 140 368 243 255 339 366 25 136 53 260 252 20 157 4 87 183 340 321 26 197 5 327 278 328 369 370 27 398 320 363 21 60 283 216 267 223 182 292 311 235 153 163 208 262 168 295 398 60 168 376 209 173 303 87 54 273 57 81 223 329 396 244 342 280 12 209 55 147 54 366 334 159 81 142 373 201 38 371 213 158 299 22 284 155 61 290 380 71 323 203 0 320 0 342
100 152 12 104 207 159 158 125 94 317 158 236 290 360 226 214 173 337 65 148 221 220 209 63 200 232 386 4 233 258 356 127 10 368 231 169 128 341 246 174 258 5 10 101 365 189 267 90 126 332 238 299 105 0 362 257 232 348 261 17 207 169 97 169 138 328 339 218 270 185 392 80 142 354 133 107 143 0 150 221 285 388 120 390 340 34 247 125 383 61 94 142 230 191 263 320 120 154 138 342 292
100 130 22 34 85 108 94 180 108 244 2 345 184 122 287 125 157 135 202 92 148 296 186 330 40 49 251 112 156 389 54 48 72 28 82 157 88 176 337 197 20 339 94 205 14 382 282 123 69 36 215 217 284 353 99 324 354 350 36 110 292 42 158 364 23 241 121 111 369 10 260 390 302 355 147 316 289 381 39 358 17 206 175 301 111 274 178 65 177 166 176 69 161 334 33 136 127 106 199 97 116
100 60 39 370 367 186 286 208 167 277 166 136 35 293 37 146 119 167 212 296 334 340 317 95 274 350 231 2 8 30 51 125 42 90 47 361 276 334 169 395 163 335 131 151 180 120 297 300 288 61 196 174 1 114 269 228 16 52 182 25 82 233 102 77 323 149 390 151 35 160 146 199 47 229 302 228 349 199 128 189 213 276 363 166 390 184 394 359 236 176 384 271 9 38 300 284 139 290 35 175 50
100 181 326 50 362 228 278 264 379 358 53 144 234 369 311 177 105 257 136 342 34 72 165 395 110 65 232 249 307 267 376 358 1 302 360 363 82 238 227 14 196 233 158 30 154 69 207 259 327 295 201 313 367 318 260 29 335 92 231 243 312 207 153 313 62 113 228 96 351 56 110 99 241 269 81 395 290 289 254 169 136 8 82 104 326 295 133 214 387 364 57 251 124 210 164 138 323 393 234 226 1
100 345 325 194 166 6 189 56 247 395 226 384 3 260 40 282 155 173 48 95 90 105 346 166 267 63 304 190 8 90 368 361 35 293 155 201 251 344 210 51 291 388 35 247 248 75 81 356 200 129 51 242 234 349 360 101 364 264 243 372 355 211 333 342 56 40 96 259 336 258 310 228 246 297 75 94 324 156 50 125 285 53 319 71 355 280 124 319 96 367 244 3 130 129 346 186 170 394 45 58 252
100 358 386 398 355 363 394 380 371 397 357 358 350 378 379 357 358 353 379 357 372 375 360 352 354 358 390 376 352 386 385 356 396 373 354 351 387 351 383 360 398 392 369 350 371 350 358 381 356 387 388 378 362 351 383 368 359 373 395 364 361 382 372 357 357 379 361 394 380 394 357 378 387 376 378 360 378 386 391 384 375 382 365 389 383 398 358 394 373 355 360 385 389 383 394 396 362 355 393 392 350
100 390 370 379 398 390 399 376 387 382 391 384 384 378 374 379 378 394 394 391 389 396 378 390 389 383 396 373 388 389 385 370 371 377 371 399 398 392 376 377 375 389 383 389 389 387 399 397 373 385 380 384 381 389 374 371 394 393 396 374 382 382 397 376 381 398 375 371 391 373 370 396 384 384 377 395 393 398 392 397 383 395 373 387 384 378 380 370 371 376 374 375 388 393 381 392 392 379 385 375 374
100 396 393 391 392 390 396 395 391 399 394 394 396 398 391 390 398 391 392 399 398 398 396 398 392 390 392 394 399 398 391 395 396 394 396 398 396 393 395 397 394 392 394 390 392 397 392 390 391 396 391 399 394 399 399 396 399 394 392 390 392 393 396 398 399 392 398 396 397 393 395 393 395 399 395 399 397 399 399 390 395 392 391 390 392 390 396 393 396 399 394 398 394 390 398 394 394 398 392 394 392
