100
3 2 75
5 2 75
75 8 20
30 15 10
1234 7 44
1 1 1
1 1 100
1 1 50
16 4 25
16 8 51
16 8 50
5 3 50
5 3 40
100000 10 10
100 2 100
100 100 1
100 100 100
1024 2 50
1000000000000 1 1
1000000000000 3 1
1000000000000 20 1
1000000000000 3 33
1000000000000 1 100
1000000000000 1000 10
1169483472 628 74
1716306003 184 93
971043562 113 62
1877308473 512 30
584708045 360 7
1519937086 845 86
939932829 209 22
805748884 757 10
906357051 622 86
1405969879 254 59
200683498 124020869 39
932484725 403621781 11
166652094 139908298 51
1002207449 164415000 74
441497682 140827170 96
1499432098 32375818 25
1345505999 1121655666 19
635349445 285912212 2
670324392 663248837 4
455901578 183398517 16
197144250346 51 39
865870621070 968 18
819892186370 936 30
775702707955 616 42
824885777525 842 23
561166684965 872 66
515956769566 115 81
46837642043 542 19
11462403196 313 27
882541758923 615 46
818751301679 18 18
622210770848 83 5
937765675434 14 35
902736612354 36 87
2849595154 28 24
168030111199 38 75
349601789448 34 60
979375955538 38 64
396717083339 19 8
167233355449 53 94
113556576707 204485 23
714295395026 959015 49
88133691204 813321 17
126865278686 659593 45
72548000396 573855 48
215133548831 406737 20
17603834243 24734 3
647554658798 897302 3
535504370067 28076 45
679811216738 686844 65
840486151028 721205205147 64
605372840285 570884919816 13
264375928131 197465054288 57
451404677885 122278126623 93
597123856458 77781666384 75
231329510588 44819705355 66
241032275441 172739352975 85
539299155896 41938442564 84
77840802340 54786653314 23
879306687261 514905839174 10
642738901318 917662 79
632462666322 536430 43
167051951635 75447 43
36950779411 140512 15
389173262919 480587 61
825644482675 170376 95
572106815449 364020 47
932256895004 327175 85
907375731931 244570 41
404774836061 40771 65
766644595786 636785 14
393349874813 137535 1
402036135448 546337 74
576721704936 953484 68
907189263020 484679 70
849029811036 136482 33
