6
2 4
0 1
1
1 0
1 1
2 0
2 1
4 5
1 2 0 1
3 2 2
3 4
2 0
1 4
4 3
2 6
3 4
10 1 100
20 20
1 25
2 25
3 25
1 29
6 9
6 8 2 0 3 1
5 4 8 4 3
2 3
1 5
5 10
4 7
2 6
6 15
5 2
3 4
4 10
10 10
10 17 9 10 5 13 14 11 0 4
19 16 20 13 6 5 2 4 10
6 11
2 14
4 10
1 22
10 11
7 13
3 11
8 12
2 19
7 9
20 30
17 62 44 11 52 12 20 73 9 13 0 177 41 8 10 52 49 5 27 201
142 73 8 32 5 14 151 47 28 11 13 73 26 9 135 23 6 30 13
7 73
13 32
5 93
6 81
14 48
9 19
1 213
6 73
3 82
15 64
15 47
2 98
8 10
18 0
4 75
6 96
14 48
20 0
4 97
13 32
4 101
14 49
16 6
7 90
8 13
15 48
2 92
1 232
6 79
15 48
