505
3
6
7
9
16
1
2
3
4
5
6
7
8
9
10
11
12
13
14
15
16
17
18
19
20
21
22
23
24
25
26
27
28
29
30
31
32
33
34
35
36
37
38
39
40
41
42
43
44
45
46
47
48
49
50
51
52
53
54
55
56
57
58
59
60
61
62
63
64
65
66
67
68
69
70
71
72
73
74
75
76
77
78
79
80
81
82
83
84
85
86
87
88
89
90
91
92
93
94
95
96
97
98
99
100
101
102
103
104
105
106
107
108
109
110
111
112
113
114
115
116
117
118
119
120
121
122
123
124
125
126
127
128
129
130
131
132
133
134
135
136
137
138
139
140
141
142
143
144
145
146
147
148
149
150
100000
99999
99998
99997
99996
99995
99994
99993
99992
99991
99990
99989
99988
99987
99986
99985
99984
99983
99982
99981
99980
99979
99978
99977
99976
99975
99974
99973
99972
99971
99970
99969
99968
99967
99966
99965
99964
99963
99962
99961
99960
99959
99958
99957
99956
99955
99954
99953
99952
99951
99950
99949
99948
99947
99946
99945
99944
99943
99942
99941
99940
99939
99938
99937
99936
99935
99934
99933
99932
99931
99930
99929
99928
99927
99926
99925
99924
99923
99922
99921
99920
99919
99918
99917
99916
99915
99914
99913
99912
99911
99910
99909
99908
99907
99906
99905
99904
99903
99902
99901
99900
99899
99898
99897
99896
99895
99894
99893
99892
99891
99890
99889
99888
99887
99886
99885
99884
99883
99882
99881
99880
99879
99878
99877
99876
99875
99874
99873
99872
99871
99870
99869
99868
99867
99866
99865
99864
99863
99862
99861
99860
99859
99858
99857
99856
99855
99854
99853
99852
99851
28292
26487
28200
75718
94504
30221
8344
2567
41769
75836
64842
48960
82375
42091
15523
54684
68127
11839
65064
36442
20124
63038
31982
22342
3268
63593
26154
9236
16207
22653
70167
37104
15290
86487
92629
29708
54514
64705
30662
66503
1076
74062
50093
79615
37386
13477
95000
4763
33135
12117
34444
50559
64851
83630
73471
57916
25954
7967
49576
77323
56182
47882
90202
79294
53005
53024
91112
12044
21038
4362
80235
26247
54621
46429
48015
33044
11542
21169
83396
5350
57358
16743
59631
95143
5940
2804
20832
90284
74343
78958
10223
45771
41425
86449
18344
51140
74113
60207
9693
36377
15007
13738
74283
36019
86696
65239
78052
66819
4361
43905
91051
8442
74736
49871
93999
30022
18061
16779
11975
16921
35656
49216
6283
21215
10733
63655
38835
71036
35034
66822
89009
26007
52177
56558
10033
71183
9384
30847
17689
27505
23118
97162
15515
19323
87520
13179
43703
21552
98425
31824
60805
46448
31905
34587
57441
3460
30684
12944
83895
26859
92019
12411
74142
85899
36584
88401
43409
10207
43386
50033
95136
13289
26425
3304
27965
36461
40515
68645
72034
11434
38357
7383
3048
36374
30077
43481
52371
34492
93652
68951
48233
53821
23593
66633
76225
17336
28737
89561
48248
68823
