5
2 1 3 1
1 2
2 1
3 1
2 2
1 3
3 2 6 3
1 2
2 3
2 1
1 2
3 1
1 1
2 3
2 2
2 1
2 5
1 7
5 6 9 4
1 2
2 3
3 4
4 5
5 1
4 2
1 2
2 2
1 6
1 4
2 3
2 1
1 5
3 1
2 5
1 4
1 12
1 10
0 5
10 12 23 7
2 4
6 5
6 7
6 9
4 1
4 6
8 10
8 2
9 1
3 6
5 2
5 1
2 4
1 11
2 9
1 4
2 8
3 9
1 1
2 6
1 12
3 4
2 7
1 10
2 2
2 3
3 7
1 6
2 1
1 2
3 3
3 2
1 7
3 1
2 10
6 16
3 1
2 30
4 10
1 12
13 25
4 19
25 28 50 30
14 4
8 19
19 24
1 8
16 2
22 10
16 11
9 14
23 1
9 10
17 12
22 12
16 7
1 14
12 18
15 13
6 8
7 3
25 2
5 11
20 16
21 14
7 24
2 13
14 7
9 16
4 11
23 6
2 18
1 5
1 19
2 15
1 6
2 3
2 17
1 3
1 7
2 5
2 4
2 8
2 14
1 23
1 20
1 25
2 9
3 15
2 12
1 15
1 26
1 17
2 1
2 24
1 24
3 5
3 24
1 13
1 12
2 16
1 27
2 21
1 4
3 16
3 18
2 25
1 28
1 18
1 9
2 22
2 6
2 19
2 10
2 13
3 9
3 25
3 10
3 14
3 19
2 2
20 47
6 51
31 40
21 8
14 43
4 35
27 7
30 4
21 41
26 57
31 46
24 45
20 26
27 17
10 44
3 20
15 9
1 0
25 37
25 37
20 40
17 44
19 30
9 26
7 8
0 63
7 39
1 41
8 12
5 31
