36
97 39
34 37 656 97
186 75
68 16 539 186
137 49
48 17 461 137
98 59
6 30 524 98
46 18
7 11 9 46
66 39
35 2 589 66
59 26
14 19 681 59
82 81
58 56 739 82
164 96
76 2 193 164
22 21
1 4 869 22
78 51
3 5 5 51230
198 81
8 5 7 83495
220 88
1 8 3 58265
254 99
1 8 9 74990
28 21
6 5 1 85919
110 53
7 7 1 64417
177 73
7 7 5 56401
73 26
5 8 4 54214
131 74
1 9 10 78736
112 73
1 5 3 64100
497151700 96511
9 7 6 999919625
977365070 59489
8 5 9 999966210
249718282 93729
1 5 6 999917908
714311129 39521
9 5 9 999998192
232959116 56689
4 9 1 999903057
840698758 13331
8 7 10 999955808
218492221 46085
3 7 1 999969453
45068754 29153
2 9 5 999904402
693840425 90561
2 6 7 999957328
640834505 28785
3 9 1 999946125
1000000000 100000
1 1 0 2
1000000000 100000
100000 1 0 1000000000
1000000000 100000
1 1 1 1000000000
1000000000 100000
999999999 1 999999999 1000000000
1000000000 100000
99999 1 99999 100000
1000000000 1
12 7 74 12
