60
5 1 4 5 7 1 0 1 2
3 1 3 3 3 1 0 1 1
8 1 3 3 3 1 0 1 2
13 5 7 5 9 1 3 2 5
11 2 3 5 7 11 13 17 19
758494663875 1 1 1 1 34857 92345 929 16730375
859373750084 8 7 17 19 1 16 6 2
848937385843 8 7 17 19 0 5 6 2
47024811 9999991 1 9999991 9999989 729999344 309999719 789999132 309999659
1555193042 9999991 1 9999991 9999989 259999767 19999980 239999737 679999252
974487874647179085 9999991 1 9999991 9999989 159999857 819999260 89999902 69999923
95658191 9999991 1 9999991 9999989 259999767 659999403 989998912 909999000
1581945094 9999991 1 9999991 9999989 159999857 489999556 549999396 719999209
918495108443110920 9999991 1 9999991 9999989 849999236 589999466 309999660 169999814
81834165 9999991 1 9999991 9999989 389999650 169999844 799999121 149999837
1603800783 9999991 1 9999991 9999989 69999938 529999520 339999627 679999254
962024073147815594 9999991 1 9999991 9999989 129999884 899999187 979998923 129999859
1175334 9999987 1 10000000 999999 430000001 979999998 673999327 450999558
1783585506 9999987 1 10000000 999999 990000001 79999998 868999132 81999927
967137226678506093 9999987 1 10000000 999999 90000001 639999998 26999974 440999568
94563103 1 5 9999949 9999991 419997859 389998009 149999866 279999748
1664735681 1 5 9999949 9999991 599996941 719996326 159999857 579999478
907005781191085944 1 5 9999949 9999991 839995717 809995867 459999587 579999478
54341206 9999909 9999991 9999949 9999991 689996482 829995765 749999326 389999649
1433256560 9999909 9999991 9999949 9999991 979995003 749996173 139999875 249999775
960043019846431759 9999909 9999991 9999949 9999991 879995513 99999488 349999686 549999505
33104500 9999909 9999991 9999949 10000000 329998318 499997447 650000001 490000002
1606423995 9999909 9999991 9999949 10000000 499997451 929995254 810000001 970000002
905104693315080537 9999909 9999991 9999949 10000000 649996686 729996274 470000001 920000002
36302668 1 10000000 10000000 10000000 910000001 610000000 380000001 579999998
1558749102 1 10000000 10000000 10000000 30000001 780000000 660000001 389999998
967702028973969107 1 10000000 10000000 10000000 840000001 670000000 40000001 19999998
70413132 123 1 10000000 10000000 20000001 190000000 90000001 360000002
1511881142 123 1 10000000 10000000 1 850000000 360000001 470000002
972766173386786486 123 1 10000000 10000000 590000001 680000000 610000001 970000002
80933573 102400 15000 9699690 9748872 989369349 872975008 916394050 370457193
1907526817 102400 15000 9699690 9748872 746877099 892374388 458197066 545936889
930033404565174954 102400 15000 9699690 9748872 620781129 950572528 311963986 692169969
34468440 999999 12347 9699690 9748872 378288879 843875938 672672191 643425609
1708396388 999999 12347 9699690 9748872 727477719 669281518 799407527 906645153
982749972374309079 999999 12347 9699690 9748872 698378649 601383688 389954903 155982009
6042199 9 123456 18 10000000 39655126 836306508 640000324 90000765
1567487689 9 123456 18 10000000 865981936 625209438 350000324 390000765
980046644627629799 9 123456 18 10000000 831918484 451864686 840000324 650000765
86974256 123456 557 9988776 1025 729181302 409540566 403985 491394225
1530944270 123456 557 9988776 1025 559372110 918968142 802729910 688062000
991127410199121019 123456 557 9988776 1025 39955758 719192622 152456585 350827775
81922551 759324 967048 10000000 9999999 930000001 980000000 29999998 279999972
1585081851 759324 967048 10000000 9999999 610000001 740000000 289999972 979999902
940978906345340844 759324 967048 10000000 9999999 810000001 650000000 59999995 259999974
21226979124954459 1992450 782255 2704224 4505616 370983767 153300418 852618302 706520016
299896237124947938 681206 164538 2280874 981991 416793690 904023823 813682336 774801135
499587295797208700 3469541 1730417 5070929 1825598 855537260 882995491 898204830 34203727
739825879172045328 2683878 7208112 2912862 8898138 631358954 451401022 51028288 625542185
523223149082128364 158568 991720 2994044 1181676 376610494 650869357 336623539 620070320
274467416870917042 7270184 3005711 7759177 8197657 803826746 672879876 877174079 68314903
567365141997043401 3960606 1985068 4125828 5630794 76825921 901167353 889742167 772908548
763526783810179646 741864 167766 7315499 3851100 922855524 89780690 441276473 271986168
789870595193472657 5360341 675784 8600975 754947 876155896 890899377 754304700 203276021
543891101326393011 2399842 2681913 3762239 7443017 520101360 433901517 275677792 766417656
