7
10 3
20 0 4 10 4 0 6 10 6
30 0 8 10 8 0 9 10 9
40 2 0 2 10 5 0 5 10
4 3
10 0 1 1 0 0 2 2 0
20 0 2 2 4 0 3 1 4
30 2 0 2 4 3 0 3 4
4 4
10 0 1 1 0 0 2 2 0
20 4 2 2 4 4 3 3 4
30 0 2 2 4 0 3 1 4
40 4 1 3 0 4 2 2 0
5 4
1 0 1 5 1 0 2 5 2
2 0 2 5 2 0 3 5 3
4 0 3 5 3 0 4 5 4
8 0 4 5 4 0 1 5 1
10 5
3 4 0 0 3 6 0 8 10
4 7 10 10 7 10 5 5 10
6 4 10 2 0 0 9 2 10
3 10 5 6 0 9 0 10 4
1 0 4 10 5 10 7 0 6
10000 15
964 0 9688 10000 9757 0 5290 6888 0
1121 0 1389 1707 0 10000 4897 6073 10000
480 52 0 7636 10000 0 7970 5894 10000
232 3924 0 4373 10000 2183 10000 1472 0
133 2471 10000 0 4074 5240 10000 10000 5064
706 9853 10000 10000 6154 0 1824 395 10000
180 0 545 10000 2644 10000 3667 1372 10000
253 2305 0 0 1825 10000 7597 7210 0
758 9154 0 0 1748 0 9591 10000 9017
603 10000 3697 0 7106 3861 10000 0 8408
793 9724 0 10000 6555 0 3725 4425 10000
877 8090 10000 6852 0 10000 5453 8854 0
583 10000 2565 7605 0 0 6412 6778 0
1103 5303 10000 0 7918 0 3908 1146 0
86 8641 0 9846 10000 0 5456 5530 0
4000 30
119 4000 959 1713 0 99 0 0 773
58 414 4000 2804 0 4000 3461 2754 4000
282 2913 4000 0 2780 4000 1625 3427 0
244 4000 3384 46 4000 793 0 0 1333
232 1245 4000 0 2659 939 0 1380 4000
423 3556 0 2059 4000 2496 4000 4000 2941
55 2453 4000 4000 1446 1354 4000 1001 0
345 2992 0 0 237 3787 4000 3778 0
208 0 1081 147 0 241 4000 0 2018
88 4000 3288 0 1558 4000 3290 0 3177
309 1190 4000 0 3160 4000 2664 2173 0
400 1470 0 1295 4000 3021 0 4000 3716
408 0 3725 3407 4000 3474 4000 0 2548
154 59 4000 1923 0 2269 4000 4000 1075
221 357 0 3896 4000 0 1000 2862 4000
20 4000 1427 3506 0 2650 4000 4000 1776
333 2773 4000 4000 1978 3608 0 1714 4000
144 0 3360 85 0 4000 2253 1248 4000
522 2002 0 0 3704 0 3787 1289 4000
387 1556 4000 4000 2710 826 0 4000 44
405 0 3826 3448 0 4000 1888 519 4000
89 3409 4000 4000 1216 0 780 3245 4000
448 1533 4000 3501 0 3469 0 0 854
118 592 4000 0 1908 4000 773 2660 4000
372 0 1669 3074 0 2879 4000 4000 3636
283 4000 3549 2078 4000 4000 2056 631 0
446 0 3575 411 4000 962 4000 4000 133
484 0 147 2755 0 1001 4000 0 2018
139 0 251 3229 0 4000 3642 0 2816
151 4000 1647 3562 4000 3122 4000 2113 0
