64
2
2 1
2
1 2
1
30
3
3 1 2
3
1 3 2
5
3 5 4 1 2
8
3 7 5 8 2 6 1 4
15
11 29 12 10 13 28 15 6 5 25 17 8 9 3 24
2
30 1
2
1 30
16
10 28 18 17 20 19 21 29 5 14 11 8 7 25 3 27
19
22 27 26 14 24 17 10 9 30 12 19 28 1 13 25 23 8 20 18
20
30 15 29 14 28 13 27 12 26 11 25 10 24 9 23 8 22 7 21 6
30
1 2 3 4 5 6 7 8 9 10 11 12 13 14 15 16 17 18 19 20 21 22 23 24 25 26 27 28 29 30
30
3 30 22 20 14 17 27 19 24 1 23 25 5 12 11 15 29 13 2 8 21 16 26 28 18 4 6 7 9 10
30
30 23 9 4 14 10 20 29 26 19 3 22 16 13 24 11 2 15 18 8 7 17 5 28 27 12 6 1 21 25
29
23 24 25 30 14 26 22 12 27 19 18 7 8 28 13 9 15 29 10 4 20 17 6 11 3 21 5 1 2
29
21 26 6 14 19 27 9 8 23 3 20 4 25 12 17 16 10 22 13 30 24 11 18 15 7 5 1 29 2
28
21 28 18 26 10 30 13 19 6 17 24 23 11 3 2 29 4 27 22 14 9 8 1 12 7 20 15 16
28
4 12 28 9 15 5 1 17 26 20 27 22 13 29 3 2 21 25 14 6 24 23 10 18 30 16 8 11
27
30 24 25 27 20 29 26 15 11 28 23 13 16 10 14 19 3 6 17 8 22 18 2 12 5 1 4
27
27 22 21 1 5 7 26 23 13 18 14 28 25 19 29 6 11 3 17 30 24 10 12 16 4 15 8
26
22 11 2 16 1 25 15 9 29 12 4 21 8 26 24 18 6 30 13 19 5 23 17 20 7 3
26
2 25 29 20 21 27 28 8 23 10 18 17 26 22 24 13 7 12 3 5 14 4 1 15 6 9
6
18 25 26 8 10 20
13
16 26 25 2 30 27 19 24 22 9 6 4 14
14
1 7 20 26 17 11 30 14 15 27 28 5 24 12
4
30 7 26 2
11
30 24 29 9 18 17 25 13 8 11 4
16
10 28 18 17 20 19 21 29 5 14 11 8 7 25 3 27
5
30 21 18 9 8
13
19 13 24 7 8 21 16 20 3 15 2 30 11
2
1 25
8
13 12 23 22 25 20 30 15
13
20 8 13 3 17 9 30 22 28 2 21 5 12
19
22 27 26 14 24 17 10 9 30 12 19 28 1 13 25 23 8 20 18
9
30 27 28 13 5 6 2 19 15
4
12 25 23 11
11
24 6 29 16 14 22 11 1 7 15 2
20
11 29 12 10 13 28 15 2 3 25 21 17 8 9 5 24 27 16 23 26
17
11 7 6 9 20 14 21 30 23 19 24 8 27 25 2 15 12
3
24 20 2
18
30 16 25 8 6 23 14 27 29 3 12 18 22 19 9 15 13 11
6
17 15 14 12 3 11
12
4 22 23 15 13 1 19 8 12 27 14 21
7
1 16 25 13 23 7 6
1
3
19
7 27 24 30 23 29 8 28 25 19 13 21 12 18 1 11 16 10 4
7
10 29 30 9 8 5 11
6
29 27 25 17 7 2
6
29 25 12 10 15 9
7
26 21 24 19 20 14 13
17
7 25 27 17 21 28 29 24 10 2 4 19 5 8 26 3 11
16
18 28 14 7 26 21 17 10 16 13 12 4 8 2 6 1
16
23 15 30 16 4 29 1 9 14 2 12 11 22 24 21 17
6
30 18 24 17 8 5
5
27 30 17 15 5
15
29 26 20 28 10 17 19 9 15 5 6 4 8 11 3
7
26 27 24 10 17 2 4
13
26 22 30 18 28 14 9 20 3 10 5 2 4
8
15 20 24 26 14 5 1 2
1
26
4
17 5 22 7
6
28 24 17 5 1 3
