108
2 2 2
2 3
0 0 0 100
2 1
0 0 0 2
1 1
0 0 0 2
4 1
0 0 0 100
1 3
0 0 0 100
3 3 3
1 2 4
0 0 0 100
2 3 1
0 0 0 3
1 1 2
0 0 0 3
2 4 6
0 0 0 100
1 5 5
0 0 0 100
6 6 6
13 4 7 11 2 5
0 0 0 100
1 3 6 1 1 4
0 0 0 6
1 2 1 1 3 2
0 0 0 6
13 9 5 4 10 12
0 0 0 100
8 2 9 3 6 11
0 0 0 100
10 12 2
37 11
1 2 3 45
2 7
2 3 4 9
2 1
3 4 5 4
24 38
4 5 6 78
16 9
5 6 7 87
100 200 3
470 104 185
213 20 226 692
76 35 8
499 768 377 92
23 9 12
880 205 286 31
165 249 43
883 477 453 674
385 68 409
853 105 54 410
903 930 2
1633 1521
701 815 358 1878
753 662
656 986 148 901
1 1
401 8 25 5
165 131
282 747 129 1191
116 123
618 891 846 1164
1000000 1000000 2
1000000 1000000
0 0 999999 1000000
1000000 1000000
0 0 999999 1000000
1000000 1000000
0 0 999999 1000000
1000000 1000000
0 0 999999 1000000
1000000 1000000
0 0 999999 1000000
1000000 1000000 2
1000000 1
1 0 999999 1000000
1 1
0 0 0 1
1 1
0 0 0 1
1000000 1000000
0 0 999999 1000000
1 2
0 1 0 1000000
1000000 1000000 2
178 556
584 595 823 1000000
1 4
433 783 232 1000000
2 2
0 0 1 3
177 100
680 28 717 1000000
528 410
60 815 683 1000000
1000000 1000000 2
19 24
350 303 365 1000000
51 52
216 967 821 1000000
2 3
106 327 154 20
82 163
744 449 414 1000000
464 306
362 471 820 1000000
1000000 1000000 2
324 111
101 937 252 1000000
33 171
175 798 441 12345
987654 987654
0 0 987654 1000000
44 811
459 777 237 1000000
257 35
704 951 629 1000000
1000000 1000000 2
430 157
514 758 528 1000000
548 141
945 926 558 1000000
47 42
268 531 962 1000000
3 162
86 400 6 1000000
1 2
154 756 683 1000000
100000 100000 2
125 149
311 576 518 100000
6 32
563 173 458 100000
4 4
544 210 328 100000
14 286
340 267 60 100000
369 57
509 315 521 100000
100000 100000 2
44 88
242 300 281 100000
25 30
634 853 304 100000
2 1
208 685 950 100000
327 11
289 357 883 100000
135 93
891 910 259 100000
903 930 2
633 521
701 815 358 878
753 662
656 986 148 901
1 1
401 8 25 2
65 31
282 747 129 191
16 23
618 891 846 164
560 696 2
169 198
198 539 496 255
140 17
282 82 691 446
24 14
831 13 414 42
376 39
882 608 720 885
227 52
261 461 789 381
972 540 2
331 334
648 253 91 489
530 322
732 335 927 893
6 7
301 667 399 18
48 178
430 392 172 301
284 653
32 807 789 962
855 600 2
145 135
920 730 668 224
247 646
898 870 550 833
67 10
744 620 881 82
392 316
553 191 883 424
79 223
71 463 361 248
301 113 2
52 155
208 684 646 784
33 215
736 691 995 259
9 23
76 461 136 25
293 85
823 97 279 420
695 133
239 888 885 698
530 859 2
70 763
70 537 870 950
18 262
866 322 130 508
3 18
93 713 359 21
21 77
85 331 644 197
309 496
866 213 902 580
634 721 2
60 231
468 492 479 357
178 412
811 454 239 522
21 45
414 524 132 49
325 45
207 720 216 638
570 43
534 876 111 875
561 329 2
614 541
832 480 598 697
261 76
873 340 462 436
31 20
243 979 906 32
292 107
447 597 189 468
59 146
582 280 677 290
330 749 2
142 499
701 963 70 583
186 108
622 896 827 249
13 11
290 282 580 13
371 522
619 692 591 594
144 302
942 108 659 661
251 322 2
30 135
399 56 251 226
190 52
456 382 867 239
7 2
149 100 640 13
360 48
959 859 940 492
48 237
282 686 565 240
958 436 2
533 818
59 810 553 950
540 762
177 425 49 954
27 4
552 414 728 27
209 180
622 438 998 496
32 16
6 969 88 72
513 902 2
301 435
779 823 750 519
175 356
750 231 89 418
31 28
265 947 489 32
39 7
316 983 505 48
30 369
103 713 87 480
206 517 2
151 118
85 178 267 834
22 69
859 466 727 186
7 7
418 864 848 8
328 411
358 164 939 696
287 427
127 386 335 604
594 981 2
1 2
163 999 302 18
334 239
508 223 271 581
5 5
327 457 791 5
433 13
471 904 69 461
617 534
756 256 43 737
833 242 2
209 103
939 521 682 243
97 67
373 545 125 730
78 43
341 224 763 82
661 289
475 751 558 938
540 43
641 407 96 834
479 552 2
773 95
561 14 84 873
138 298
434 550 678 363
5 11
96 820 744 15
5 16
479 790 808 20
316 544
890 507 177 827
408 650 2
7 797
495 737 239 825
90 89
766 944 708 370
16 16
580 975 345 28
445 239
142 720 688 462
140 210
571 928 250 224
791 957 2
615 452
42 934 832 710
781 48
319 308 733 782
7 4
364 533 596 34
334 346
261 705 922 421
90 92
529 138 584 158
546 301 2
393 679
919 681 106 789
425 523
792 958 404 533
1 1
589 283 628 1
59 239
903 702 401 373
123 247
942 685 70 608
76 542 2
211 172
144 246 457 352
27 42
500 977 733 75
3 2
523 893 924 8
21 15
329 889 114 57
33 178
960 453 552 778
360 84 2
2 29
707 417 370 29
40 196
696 131 893 327
1 12
465 830 658 27
539 401
518 768 936 566
357 18
242 566 931 464
820 98 2
3 295
587 398 408 407
525 548
225 646 190 797
7 6
340 738 936 18
303 31
314 951 152 343
32 24
592 101 794 55
930 117 2
143 444
445 505 199 931
34 859
225 935 398 926
62 13
815 727 139 74
382 610
938 136 78 976
91 162
374 20 826 578
263 745 2
153 59
315 654 700 172
5 186
581 314 479 218
14 7
816 774 927 26
65 27
817 265 822 70
18 77
368 696 166 85
279 738 2
159 142
898 425 339 318
43 150
769 530 503 259
8 3
672 517 872 18
83 551
732 669 499 685
257 456
947 301 419 789
598 555 2
30 7
575 679 622 37
536 186
41 588 65 537
43 2
966 616 818 59
248 256
926 345 362 320
7 212
450 360 668 365
264 577 2
15 2
717 154 500 21
102 111
656 620 658 219
8 2
892 626 865 8
743 525
179 112 70 876
429 679
880 3 973 825
897 144 2
540 332
840 455 830 627
562 400
212 814 564 861
6 8
967 216 433 48
53 397
720 766 244 636
135 196
803 924 987 262
429 612 2
17 55
996 594 794 123
226 321
720 686 277 385
1 1
890 830 894 1
899 590
168 359 680 933
331 402
446 717 585 638
839 233 2
521 845
61 640 876 975
551 296
911 703 495 798
34 29
763 214 43 49
159 144
728 711 733 707
687 417
766 235 436 919
365 586 2
84 74
448 91 430 285
4 97
110 366 424 305
2 9
867 175 438 15
415 156
819 867 368 520
517 426
533 851 639 597
465 60 2
330 409
767 64 479 424
343 275
386 527 467 353
1 1
921 595 49 1
324 322
605 22 541 475
480 415
753 135 614 850
801 771 2
63 291
144 684 80 412
555 472
749 518 924 684
55 38
775 334 474 65
5 233
907 805 320 742
8 10
213 117 454 404
783 771 2
598 530
846 857 583 798
553 176
508 278 568 603
7 25
290 565 235 33
3 94
656 619 860 237
529 436
236 48 762 662
432 863 2
704 427
213 389 808 976
275 77
851 125 737 385
4 9
957 52 233 15
595 365
905 284 117 861
647 91
292 115 735 765
992 300 2
525 297
649 530 454 720
834 212
934 685 909 883
28 12
805 982 864 51
24 511
505 668 249 578
187 182
153 428 304 235
427 382 2
190 227
759 686 149 442
159 204
313 771 135 420
7 29
294 207 468 30
323 129
44 983 618 527
385 130
837 293 873 478
509 937 2
73 76
121 923 553 257
370 177
415 250 899 453
3 7
435 812 337 11
252 311
623 186 732 401
180 470
238 772 839 514
842 577 2
273 625
269 271 271 657
748 140
414 784 901 768
29 5
721 553 330 37
583 440
69 152 381 723
368 364
414 820 333 689
477 441 2
89 1
78 356 819 110
90 387
433 743 609 408
16 3
516 625 885 28
75 65
939 438 215 281
566 739
555 353 992 913
356 406 2
531 300
232 72 584 972
288 202
971 588 35 346
9 25
199 601 573 30
26 46
124 574 366 169
387 451
384 662 131 637
913 20 2
21 81
695 806 658 88
628 413
737 3 576 755
2 21
351 988 165 61
256 57
837 302 864 324
55 653
881 641 578 882
698 679 2
47 673
551 473 606 997
184 28
216 911 779 691
2 4
704 423 546 14
347 196
792 634 838 689
74 59
915 525 986 842
393 922 2
240 570
965 583 455 776
330 323
698 365 640 364
8 16
245 373 833 20
152 449
532 500 183 745
62 14
832 222 151 243
315 43 2
86 16
395 803 569 187
92 258
828 665 547 273
6 8
667 827 876 12
429 194
346 346 589 843
170 319
206 272 331 385
669 404 2
258 490
527 689 745 524
212 388
130 943 920 546
8 13
574 788 848 29
43 119
64 487 333 496
243 140
183 95 468 526
273 706 2
414 353
436 437 355 942
244 23
640 387 315 251
15 13
553 925 689 18
4 11
370 471 315 119
166 161
569 223 990 208
531 32 2
506 504
486 554 489 654
384 77
170 520 889 507
7 41
825 153 339 49
123 129
683 207 26 378
240 222
879 356 276 426
745 956 2
141 202
874 518 913 207
385 554
787 532 492 617
31 24
474 781 354 42
269 339
239 554 367 389
44 73
590 458 10 280
958 776 2
176 226
362 980 71 565
83 658
113 657 2 790
5 18
15 701 673 49
75 308
715 108 614 541
269 339
416 733 949 423
798 353 2
296 63
499 720 142 388
261 325
590 147 182 693
9 7
421 916 646 11
628 103
50 562 658 982
605 446
323 289 464 610
796 595 2
49 46
842 758 506 57
101 616
224 112 764 703
10 3
847 990 147 12
172 574
537 366 920 667
439 108
729 34 95 661
350 73 2
466 42
546 898 16 895
214 24
585 290 713 280
1 1
931 720 958 11
344 379
387 158 827 552
335 182
928 388 807 397
382 1000 2
68 52
911 968 211 82
266 319
398 831 183 353
4 6
898 78 585 25
539 288
804 190 800 698
18 30
107 564 732 36
73 276 2
118 139
573 84 696 174
56 37
228 872 892 58
2 2
83 435 585 7
785 430
481 464 27 981
367 105
399 788 560 464
52 65 2
765 384
369 187 978 776
22 24
501 428 954 47
5 2
656 300 499 6
494 546
5 402 392 548
75 278
606 745 297 309
241 627 2
12 586
549 559 189 779
137 4
46 958 7 194
18 19
526 740 817 21
186 92
340 447 970 236
771 140
717 71 787 885
341 917 2
562 425
783 957 382 739
218 190
498 57 390 299
1 1
233 320 920 1
49 233
219 332 549 248
480 359
969 659 769 718
500 77 2
800 453
506 665 520 821
412 21
871 378 204 478
20 40
172 963 747 44
163 109
846 564 775 277
411 509
709 367 247 699
913 517 2
438 495
242 879 176 652
374 102
216 69 835 708
30 58
524 794 32 71
397 26
88 571 386 886
232 481
333 192 794 809
434 729 2
353 664
739 708 624 916
14 49
520 853 9 376
1 3
340 496 434 3
283 657
349 85 955 800
215 830
21 251 109 899
290 327 2
221 488
425 90 815 561
97 159
109 760 64 267
4 2
801 242 69 7
209 220
97 574 13 286
131 302
729 106 277 333
628 337 2
23 130
161 406 455 224
389 430
793 896 886 605
7 11
871 715 940 13
309 149
833 43 29 317
14 101
206 619 221 323
950 324 2
382 386
237 285 492 788
539 532
842 746 526 809
62 60
641 128 580 92
5 7
137 119 15 9
402 563
446 248 393 842
642 580 2
253 437
451 745 475 753
288 48
34 290 884 620
18 40
148 37 74 65
52 25
564 791 334 77
4 93
823 63 646 284
533 381 2
93 295
942 79 375 684
83 23
422 291 917 430
10 15
692 613 456 23
155 464
142 558 663 557
126 444
764 906 703 768
956 610 2
175 203
642 420 108 632
199 335
658 874 715 779
27 26
37 956 739 53
103 240
251 232 222 614
262 326
697 623 521 527
473 209 2
38 26
435 450 519 65
167 341
714 563 948 358
20 7
890 511 311 32
241 98
585 209 622 316
415 83
194 145 527 543
769 340 2
240 205
149 511 59 939
447 428
834 906 987 702
10 1
783 226 664 20
368 469
177 445 637 850
328 22
492 283 357 619
16 568 2
380 542
445 325 581 683
13 10
101 971 396 15
1 2
234 168 442 2
9 152
945 89 932 172
348 248
689 627 696 447
769 864 2
345 114
182 290 472 452
355 601
481 609 643 710
53 19
133 829 577 76
378 66
348 336 433 519
574 271
847 252 667 608
330 330 2
245 597
684 89 256 650
30 46
417 409 636 312
5 2
236 943 280 6
117 146
615 775 832 223
7 12
353 186 107 16
462 280 2
824 24
243 589 242 946
368 74
480 415 75 375
5 8
589 223 293 8
647 594
981 952 541 983
284 257
427 632 555 365
816 159 2
519 623
519 756 873 679
435 609
891 719 333 632
6 6
874 500 522 28
49 210
954 657 739 388
20 36
473 708 831 251
998 170 2
455 327
12 321 890 469
236 78
255 637 797 818
34 1
167 191 237 39
608 27
187 494 159 649
249 180
935 825 164 533
514 863 2
212 139
951 359 544 272
393 233
742 52 391 425
1 3
210 583 168 47
59 33
371 633 77 179
707 806
522 643 958 903
497 712 2
58 80
786 316 104 173
141 341
397 937 967 468
12 6
485 909 296 36
426 270
687 160 576 493
28 177
932 726 631 685
351 490 2
588 656
867 187 989 903
149 14
408 504 113 343
11 2
116 72 65 21
91 36
146 590 781 140
80 42
547 6 173 267
296 633 2
48 8
421 784 83 58
34 89
315 421 241 278
7 13
573 626 111 26
361 257
265 39 8 364
14 44
674 303 876 46
136 801 2
99 483
436 695 919 618
22 41
666 715 388 127
1 2
482 583 478 2
458 234
39 160 420 496
438 484
349 709 431 537
387 85 2
82 221
596 268 556 924
97 246
608 39 236 344
30 16
607 604 162 36
284 611
656 372 886 676
31 47
160 324 970 297
165 354 2
597 760
538 219 926 859
110 91
283 621 671 150
5 11
49 404 158 13
42 17
345 31 409 61
41 16
160 448 354 120
249 540 2
918 839
400 927 410 996
186 176
669 393 88 213
1 1
788 628 528 1
402 528
181 22 523 543
175 141
799 997 402 644
445 287 2
361 156
628 174 747 369
237 314
12 879 291 424
22 20
452 512 387 40
57 384
864 339 957 421
501 8
827 151 78 520
763 374 2
321 421
601 323 70 456
527 148
642 74 93 748
20 15
244 11 914 23
350 191
807 860 574 939
620 156
279 634 675 809
425 39 2
752 385
811 187 622 948
292 222
12 143 608 386
9 5
633 146 514 23
211 215
894 693 864 310
709 396
135 691 837 778
865 348 2
278 484
166 576 304 730
533 474
903 642 498 670
3 2
495 32 416 4
9 10
607 416 472 10
83 112
647 116 990 327
800 954 2
144 117
710 703 439 245
389 75
133 615 901 646
3 10
537 481 182 16
544 483
369 91 585 618
489 423
403 858 268 524
930 12 2
304 30
304 916 887 305
638 32
26 625 967 930
40 52
68 475 73 54
67 31
645 729 529 171
392 703
120 969 483 710
715 72 2
441 540
423 115 917 570
467 94
100 549 243 565
1 1
227 199 797 1
33 123
977 775 857 1000
2 6
280 958 590 8
663 16 2
169 477
510 376 476 540
339 503
614 248 494 604
39 15
843 132 278 48
520 459
313 584 80 718
285 173
41 67 913 870
338 665 2
173 140
267 792 521 276
304 187
868 923 970 337
12 2
992 923 463 16
73 195
775 24 288 296
224 406
686 197 913 564
656 687 2
18 20
490 573 447 150
420 57
25 789 37 648
14 21
606 571 686 22
72 180
282 131 414 219
158 618
51 585 489 751
589 797 2
470 11
213 20 226 692
376 35
499 768 377 478
23 9
880 205 286 41
165 249
883 477 453 674
385 68
853 105 54 410
