6
1 3
98 99 100
98 98 99
2 3
5 2 4
3 2 1
0 0 0
0 0 0
2 3
5 2 4
3 2 1
5 5 5
5 5 5
2 3
5 2 4
3 2 1
3 3 3
3 3 3
2 3
5 2 4
3 2 1
1 2 2
2 1 3
5 20
3308 1437 4018 2971 1243 3361 3246 2698 2738 987 3955 1653 3888 955 4788 350 4560 4422 2066 3542
40 3734 1789 3672 4538 4549 3885 512 1272 4530 2713 3582 1328 3902 3886 3349 1351 1950 4761 755
906 3101 3289 1741 927 2172 2931 2833 3146 4489 2536 1151 3788 2562 1540 3844 149 428 237 28
1754 4444 3020 3571 2770 1417 4680 2289 1202 45 3509 3856 2936 2310 1428 4051 4565 4357 4884 2380
2076 1593 1342 2066 2151 2657 3734 1982 2616 989 2365 1480 4245 279 4012 2435 3709 1892 2579 2969
2082 2722 762 649 272 2024 2776 303 3637 4524 3423 3555 2809 2697 3859 2143 2158 286 1358 1321
3525 4306 2486 691 3942 1317 224 1143 4540 916 1957 1447 3207 2640 2650 4215 1715 3852 2398 3688
4926 1649 3197 289 4479 897 434 1499 4490 4380 4993 970 2600 2305 2305 411 1219 4237 3984 1239
4159 3617 305 483 115 2403 1225 2264 2695 3460 3824 4245 4304 2425 4658 951 3335 2872 1813 283
2711 3369 2757 4184 2437 4086 1818 1628 402 1953 3811 2257 1836 3545 996 1555 491 800 4387 3256
