6
1 3
98 99 100
97 98 99
1
1 1 98
1 1
10
10
3
1 1 5
1 1 15
1 1 5
2 3
5 2 4
3 2 1
0 0 0
0 0 0
1
1 1 0
2 3
5 2 4
3 2 1
5 5 5
5 5 5
1
2 3 5
2 3
5 2 4
3 2 1
3 3 3
3 3 3
5
1 2 2
1 1 1
2 2 1
1 3 2
2 1 2
4 20
68 31 93 93 46 61 8 11 98 56 26 53 72 52 92 67 75 67 67 99
52 96 82 18 23 6 36 69 8 62 54 79 53 6 46 3 17 21 79 95
42 7 61 13 24 93 4 2 45 61 82 33 26 53 55 9 24 86 69 47
85 70 58 67 65 7 84 22 3 47 72 82 34 99 94 98 2 1 45 100
63 15 75 72 44 34 57 10 30 43 20 49 66 45 66 0 76 66 62 96
44 67 61 15 22 41 33 68 5 44 43 70 52 3 43 3 11 16 77 71
74 6 45 19 25 50 90 2 38 52 58 29 24 31 52 5 16 88 39 29
78 67 55 51 39 70 76 18 3 3 66 12 31 71 71 88 1 0 39 91
10
3 17 17
1 18 69
2 10 64
3 4 12
4 4 17
4 20 100
4 7 84
3 13 20
4 8 42
3 18 53
