20
2
2 0 4 3
3 2 5 5
1
0 0 3 4
3
0 0 3 2
0 1 3 3
0 2 3 4
3
0 0 1 1
2 0 4 2
5 0 8 3
3
-3 -3 3 3
-2 -2 2 2
-1 -1 1 1
2
0 0 3 7
0 0 6 3
3
0 0 1 1
1 1 2 2
2 2 3 3
3
0 0 1 5
1 5 2 10
0 10 1 15
20
-286959 -309830 334986 310737
33558 -723747 52007 -389359
-268327 -620833 82947 -478539
-152349 -646539 -4651 -257395
-503006 -723965 -401305 -650415
151877 90069 803553 170528
-111556 74872 395038 200804
-642206 -690890 -485591 -630053
-858953 -421459 -788731 -165102
-392378 -786805 156551 -591853
-383323 -501911 180233 107362
-454245 -457792 -434302 -24990
-148004 -843252 97841 -468546
-701841 -388101 -195752 -273116
-559696 -394542 -317264 283349
118386 -157347 302171 142939
-739140 -571503 -103371 -221701
-838348 -67776 -576656 -19
-205798 -548617 323327 -119097
-315029 -201609 45362 474272
20
-56698 -76497 229042 -49564
-468342 74546 -358948 237252
7070 -242470 140836 -214080
-166709 98233 -143885 178953
-474396 -147112 -443646 -70639
65062 -466898 386507 -435564
-325446 -371266 8155 -339461
-145641 86478 33245 417712
1412 58495 265795 325852
-200837 -387826 95655 -126137
-349463 -478682 -250910 -365103
-376558 -301409 -330534 4060
-340910 -24425 -336269 79805
-342914 85227 -198322 386595
-162775 -74349 83589 -25287
-491645 -453352 -185269 -156616
-217061 -484110 13086 -476098
-351803 -20542 -201697 187589
-172586 -338264 53442 -197491
-110964 -341694 209002 -120068
20
-9072 -248220 83415 -203481
-170983 -316985 16689 -267759
-171040 -139842 -144962 -26127
-268542 28784 -167429 144428
-271051 66459 -161643 106674
-324382 33354 -251785 94597
-106430 -83021 82658 30957
35223 -329483 248486 -99458
-35622 -114816 49117 118263
-332013 -2285 -176099 218858
-122000 -184394 -78831 -35414
-134236 -80732 37417 -53269
-324531 -22448 -228942 191073
-216533 -223571 -96868 -38054
-289292 -35608 -191713 41863
-196386 -300406 -59213 -225864
-113985 4446 108796 210785
13025 -232421 161903 -75201
-71335 4779 -58763 73465
36680 -232827 136759 -99643
20
5579 -246611 32830 -113542
-93905 -232057 -39380 -199416
-154243 25712 -17335 102898
-249508 -24333 -167958 49577
-135636 -231069 -89903 -131140
-191417 -94448 -87629 -71937
10274 -197755 89917 -87210
14739 -209727 168254 -96253
-228532 -115472 -202255 39421
-197083 -47195 -116247 24234
25944 -78346 34459 -71634
-202746 -122860 -150961 -55443
-204969 -129370 -73072 34399
13023 -138975 75333 -69086
7099 40102 11815 183412
-241157 -8200 -103580 -2399
-84614 -15688 72061 158538
-52888 -19329 -3013 85879
-208920 -23497 -94905 63983
-205259 10742 -138022 156670
20
-147440 -178232 -29838 -157769
-192795 -193111 -179992 -64460
-52052 25852 -35729 73137
-189013 -83926 -144121 27031
-167256 -76822 -65383 1552
-102965 -97543 10034 -84305
-190814 -160649 -123915 -24620
20799 -58018 61773 -21843
-80004 35359 -18846 145438
-51745 -20134 33773 45507
-13672 -35014 85518 47094
-103513 -27412 -96996 -6257
-87270 -13638 24988 50441
-137356 -162232 -107018 -160117
-1878 -167191 14278 -44636
-50105 -41441 35376 69976
-105041 -45907 4214 51770
-160512 17115 -110644 26204
-190316 -163258 -159765 -45180
-170333 -94239 -54171 8352
20
-17455 -74758 36301 8458
-116932 -29616 -86407 -14124
-102390 -105717 -36616 -92015
-46311 -80330 25809 -1681
-59512 -3365 -28955 79789
-159133 -53948 -94500 -48983
-7897 -11787 27456 67079
7640 -159791 57214 -109531
-104552 -138433 -101879 -47182
-129159 -80554 -18336 -37052
10858 -110133 23607 -3947
-70012 -49126 -21294 -1865
-136528 31026 -78300 41005
-29498 -969 -3260 54784
-14159 -149687 38880 -133605
-70323 15009 14200 45372
-113458 -55704 -112510 -24565
23826 -11480 46306 41872
-40612 -91079 59178 5869
-15838 -166587 -8220 -164587
20
-17572 -53841 -181 3051
-20709 -131747 -8694 -88323
-22701 9893 43653 77685
-126897 24627 -109680 57123
-103003 -49152 -23091 -25020
-84271 -88731 15354 -81316
-24434 -108880 3060 -19269
-55147 -40417 -14478 -22457
-64899 -127179 -59272 -114018
-102804 -110689 -72485 -94457
-7751 2228 1307 65397
24055 19982 52083 51941
-8345 -27087 5629 282
-83445 -116242 -58723 -75591
-48987 -94471 -19733 -52461
-22666 -142121 40579 -50429
-98752 -93233 -86806 -76446
-55080 -111344 -29543 -100929
-17838 -50404 65601 -12087
-95013 -23764 -46180 29085
20
-87550 -101178 -51779 -99855
-9766 -38636 41757 -11166
22762 -65842 73389 -18143
-23117 1473 -5446 60301
-8146 -30366 6864 -21041
-7616 11491 48692 76162
-53000 -34734 -20977 19735
-3691 -88225 11252 -6150
-19468 12823 13191 40608
-59210 13809 16067 18458
-99759 -58683 -18285 -8418
-82595 5044 -79233 13699
-124017 -32968 -55394 -22893
16418 -89047 47872 -55673
-79007 -65672 -71587 -54575
-111743 19148 -69193 19263
-103893 -21530 -18622 37169
21799 -120029 87722 -117247
-74348 -38929 -19163 12163
17077 -50400 77264 30331
20
-56640 -8303 15376 62896
-27746 -86147 -2573 -8422
-63624 -69749 -15681 -24768
7611 -68224 79058 -47319
-32360 -27295 -1703 -2166
6527 -4517 70622 1355
5124 -14917 17478 59963
2290 6420 29184 77225
-2998 -81277 34722 -42463
1197 -65052 42889 -5195
16031 -109329 37529 -66346
6022 -102492 61782 -72763
7297 -75249 74658 -7980
16290 -28199 47092 46586
-53286 -95120 -35670 -35681
-10628 3751 36173 14712
12704 -7833 69424 37141
-44089 -88604 -10643 -73802
9538 -102748 85961 -80402
-9780 -29025 64016 -3570
20
-48533 -8968 -22352 46291
-88263 -62589 -45656 -60097
-54735 1230 -6907 14679
-56687 6797 -20806 50977
-2399 -89810 47880 -20712
-1648 -89075 37023 -48638
-98627 -6831 -96537 27407
-685 -48031 53809 2301
-70452 -38969 -42920 -35580
-82666 -55649 -37460 -4001
-72750 -92869 -59839 -59464
2873 4631 72004 52745
2393 9971 48670 64638
-24002 -70573 -22003 -25585
-61524 -82097 -38016 -46947
-23737 13271 40241 38043
-76971 -43961 -55528 6815
-65252 -93 -20706 26810
-64026 8111 -26672 26101
13923 -79634 74725 -71378
20
-76912 -48008 -65471 -26195
-74401 -71091 -40758 -15699
-86942 -749 -66637 45740
-72617 -33078 -27480 -30641
911 -12941 1636 39602
-87746 -45994 -37784 11359
-85385 -7190 -39515 -1582
-51334 -54155 -20347 -478
-35514 -62145 -18819 -12539
-29588 14631 -23940 68827
-9643 -55660 -3198 -20861
-38674 -13854 -18982 15986
-28253 4686 -17157 51408
-65274 13567 -41888 59376
-6352 -23950 37207 98
-44782 -77533 -40738 -76307
-4536 -67308 26807 -61508
14894 -84834 40902 -79828
3434 -26027 50346 -15738
-13336 -76227 -7978 -31627
20
-27361 -74150 -7367 -53554
-3283 -79619 36724 -73508
-34876 -8866 -25718 33301
-64304 -57439 -14760 -11866
-21065 -14369 -10867 42597
-70002 -28140 -67632 -26453
-70686 -27308 -52392 -6214
11979 -78639 39735 -44027
-30308 2134 9087 21944
-17073 -1104 38844 21617
-22661 9895 -19355 53076
-58070 -5105 -41902 -2664
-6487 -4027 8257 33446
-22206 -30805 878 -5010
-30766 -36212 -3548 -29303
-51240 -44079 3373 -24353
-33817 -76274 -18268 -54160
-37690 -29943 -4121 970
-44221 -53656 4794 -19338
-689 -26180 4766 28372
