81
4 15
1 1 10 1
1 1 10 1
4 23
1 1 10 1
1 1 10 1
6 40
2 3 7 2
3 5 11 3
6 30
2 3 7 2
3 5 11 3
500000 1000000000
1 48 9918679 4234919
1 3 8250368 4517876
100 150
1 98 400 100
1 1 200 200
5898 1329619
1 91 14962 6256
1 1 44780 25648
500000 10000
1 98 400 100
1 1 200 200
500000 1000000000
1 1 6158485 3762741
1 1 4423003 3729618
500000 1000000000
1 91 72066 37614
1 3 9538118 3743925
500000 1000000000
1 88 8839293 2315297
1 3 9502268 7052173
500000 1000000000
5748210 118076242 52776 19211
579089390 215927579 74328 750
500000 1000000000
116156752 17509874 64965 46819
2979655 460258803 88171 73382
500000 1000000000
924292570 779559544 59751 20965
795075528 526950860 96001 49120
500000 1000000000
901401046 162617910 62316 25710
676790692 246194833 92989 47290
500000 1000000000
88382601 322586670 56599 10255
25255631 540000577 97661 61852
500000 1000000000
182030960 853967824 91213 77411
391976171 596552241 61509 46447
500000 1000000000
2 45 9126086 2802637
1 2 1794183 379465
500000 1000000000
2 90 4448734 912582
1 2 5155036 3486733
500000 1000000000
2 60 7248150 3264082
1 1 6530242 5902729
500000 1000000000
2 4 6701451 251616
2 1 8334283 7649432
5224 141562221
1 77 65796 19450
1 3 91807 7885
8748 33127704
2 77 38199 28194
1 2 38710 23747
2047 629990448
2 92 30045 17235
2 2 33968 20652
9575 728229847
1 76 74056 21097
1 1 60700 39110
1537 693289641
2 75 99341 6246
2 3 21957 15835
2015 916156483
2 28 22306 3225
2 3 22316 17973
5960 162062408
2 91 94071 83651
2 1 55656 52340
817 875109836
1 93 54621 32253
1 2 17044 2887
198 750662919
2 14 50943 45526
1 1 4687 4668
894 676087515
2 90 80591 38281
1 3 78702 37399
3841 409929818
2 44 68911 44341
1 3 75873 53701
9253 424979201
1 12 24299 12628
2 1 24766 19173
2638 392467404
1 90 59970 46883
1 2 40826 38423
3511 981286572
2 87 46365 9910
2 2 97221 92266
5476 45580124
2 4 88144 2874
1 2 62428 1472
6675 987115250
2 48 96691 16109
1 2 13503 13470
3709 817305346
1 69 49042 15757
1 2 54325 21079
347 595023570
2 80 13700 1380
2 2 66824 33204
4152 802349847
2 86 63718 35169
2 1 82439 25102
3343 266096931
2 77 11102 7606
2 2 37328 16543
428 407244595
2 52 55594 48655
2 1 9210 8765
7234 876558691
1 17 46618 44717
1 3 78280 66423
2090 164987444
2 39 49501 23835
1 2 11394 10716
5138 23102465
1 32 43046 26461
2 1 69557 52471
2577 799815080
1 89 51522 5763
2 1 29690 14212
5214 522405522
2 14 27758 10929
1 3 80931 74349
9623 697159643
1 28 29863 29548
2 3 33297 9505
4625 310316462
2 18 76782 1719
1 2 30126 2395
3528 296385722
1 1 89275 83701
2 3 60183 44457
4172 127911890
2 46 81646 13157
2 2 84853 15839
8797 641682510
374773037 739914714 481774 357037
929163460 571333530 665073 236906
5453 346298205
102612239 998680388 343477 318278
149304652 146726952 599571 206528
6804 804614726
164438015 97465132 726621 573375
954781010 244520157 831514 69401
7184 48885697
307588497 433504515 39105 35111
218660538 319602075 40333 33659
4626 268211940
921602027 834333050 308346 52174
163688565 916856123 481101 206639
1610 170295848
665924363 867172400 569539 203518
168905245 874911533 595489 326120
3235 766230538
154247195 160255039 2267680 1383314
985390159 341119299 1306727 150218
5522 574601584
822988695 425627153 906994 329668
390983760 96317821 809620 344042
8812 184863027
453255208 894110059 112562 67944
816713967 636485311 162832 60917
5252 442207983
890432259 359508943 450548 137826
577780494 497043116 505927 296250
2353 911746583
445906089 966094120 2576974 907669
976184631 600485558 1955134 765991
8009 416446050
333041838 993689951 404609 268612
831969286 214052669 428739 348457
5595 860181019
238282689 520154759 1442475 269627
469307582 751818339 1462630 132501
16 696726260
716237534 37555743 385363631 259472921
657127754 363428780 376279091 332574360
9178 968373693
582020036 615196052 911730 415573
454615757 487464219 880539 223548
7308 186736604
871111557 205886804 218593 190702
362013086 879655029 135219 93699
594 702280132
813982239 315301606 8513367 3615244
218291181 714094377 9310169 5364659
752 130931451
63966427 142110338 1370858 194366
115405979 948186954 1167178 115941
9777 340984856
741097460 636317174 331767 104278
967570841 258854446 323377 34058
2002 946124863
724985816 451671284 4561070 3336914
475902651 481976905 4498994 2169917
7215 840464191
342319202 475760827 859738 787905
518428305 945200902 1025695 579741
9126 80087593
446865186 750027503 50492 4552
275382866 847435435 53276 11679
5227 124824595
997134194 697829094 138207 19894
324322490 545196360 206372 135095
370 130462057
494228953 892426484 3012981 920232
973414710 199470518 2865808 704435
7523 767668583
115835455 562319740 887547 333746
190923213 735366689 697493 242266
9583 549833657
557443534 176766051 448979 113770
357845622 795690070 450459 26772
7479 702587153
54281087 295739191 828174 823384
304443188 432396076 469907 150230
8467 518446423
421718689 848962552 603529 2270
385679538 443346854 598491 485869
8305 3191472
704073059 525588539 3627 2876
501470727 579740739 2885 2194
5167 405751276
292637468 210087140 427021 49899
571574698 172934331 535793 199468
