55
2 4
1 1 0
0 1 1
1 1 1
4 8
1 1 0
0 1 1
1 1 1
5 20
1 1 1
1 1 2
3 5 7
10 30
5 5 5
0 1 1
1 1 1
800 4000
13 17 23
2 1 1
29 31 37
152042 204594
101674 75311 147633
1 1 2
840067818 589970656 366700943
645770 338397
636852 48469 372617
0 1 2
97212074 798033440 163456775
676874 516489
69732 227358 450038
1 1 1
197868883 498633147 394514730
348937 720507
200303 95637 51577
2 1 1
109451695 209132836 183990710
289939 130055
176569 43551 19523
2 1 1
725938192 55132933 239331339
795643 729007
259617 679895 41505
1 1 1
669149900 84172771 224069343
697098 320762
16697 47343 568351
0 1 2
525554661 375469150 467141615
362463 114096
27781 51400 144186
2 1 1
83476140 591204386 870508607
257602 480949
38113 176296 243295
1 1 1
384243299 145116185 809390598
665660 548172
3230 2625 378028
2 1 1
632060832 349246420 89320989
624414 454095
327753 207887 389969
2 1 1
831253720 183125273 845049133
508058 629229
304811 90457 505647
1 1 2
667633093 163269670 472831725
456749 602836
20734 373480 197540
1 1 1
6632724 430496230 472466042
121354 712702
71249 109458 97330
0 1 1
248845173 526874365 257868012
27193 262761
7362 7932 19908
0 1 2
576514953 933077352 456688846
312964 434828
240018 74923 225120
0 1 1
164161614 156070175 237952950
773724 165851
50052 384346 238285
0 1 2
560247398 127685346 957590518
177743 405870
134795 79649 19449
2 1 2
112004730 725677476 759565945
429867 413383
321462 260781 375470
0 1 2
554875072 186149553 795162810
388280 42606
255817 361348 140863
1 1 1
605084666 628353716 16647459
750955 452442
128442 264046 301762
0 1 2
482727459 504453487 878708963
69507 537091
17844 2631 53871
2 1 2
391674798 263029499 704340589
576617 192119
366956 132882 164706
0 1 2
141160943 659426579 55218540
324010 356760
232231 321651 24956
1 1 1
955408418 156273071 693034138
178564 429613
46434 57717 106568
0 1 2
845481906 123645765 549321608
687758 730619
327573 281134 4122
0 1 1
437192135 153695847 810964577
283891 762178
169318 247120 141239
2 1 1
719839058 691317608 300640443
647520 765344
526962 282736 627659
2 1 2
454137226 811051641 150049607
680246 425925
445318 1456 638583
2 1 1
332873389 280300694 587966948
477536 48063
128809 56232 117784
1 1 1
919977248 557031905 626340641
562600 381494
424407 536234 96044
0 1 1
220138270 55055717 911540352
446591 232898
9686 377673 16534
0 1 2
477804055 56620024 813508951
235296 314960
184330 7926 62745
0 1 1
723012757 590546979 658509573
654423 284147
483478 468712 22916
2 1 2
775556161 593377338 145910966
10518 570145
2626 2532 3894
0 1 1
712131485 68088386 219131476
492496 432219
453549 211778 100398
2 1 1
329039211 854532342 57848852
241638 257893
161426 184898 186379
1 1 0
742154055 504238117 361677747
178708 58328
70102 22348 144531
1 1 1
463435292 593043491 813176924
461881 599076
455904 252848 20118
1 1 1
450476200 486986405 856930964
688937 763831
477384 82879 63313
1 1 1
323988535 831399021 979960006
194107 578522
117654 163886 59620
0 1 2
960228149 104066584 680852273
490165 244196
248428 168489 219753
0 1 1
294400498 8528858 655478054
163708 568724
139072 44023 139620
2 1 1
453195548 722071586 600751178
246495 155410
149229 246293 202250
0 1 2
44883265 528488600 215719017
773980 563376
96564 718017 195668
1 1 1
478095884 48924553 595073449
213201 361873
99704 201978 100652
2 1 2
552691328 817598320 189606354
589200 154885
563345 455508 550567
1 1 2
716993302 221116737 665699268
517286 676390
481124 225324 24307
0 1 1
185125399 50358534 519864518
618148 797834
478109 324132 171826
2 1 2
357299725 34525215 391107301
474643 674079
411167 280807 372349
0 1 1
633702491 345657116 802662785
