129
3 0
3 100
10 50
100 40
1337 7
9988776655 44
4 33
4 34
4 49
4 50
5 24
5 25
5 26
12345 10
12345 40
12345 90
10000000000 49
10000000000 51
1 0
1 50
1 100
100 60
1000000000000000 0
1000000000000000 1
1000000000000000 49
1000000000000000 50
1000000000000000 51
1000000000000000 99
1000000000000000 100
910699336568946 23
335051815437568 35
1768598382400 9
46751915146034 12
7444641544296 10
503276159056390 100
8921974665954 96
198975626633448 2
741625921821564 10
42889990514313 64
40776295502025 100
73684648566735 70
822310114005962 74
82121831459082 14
370355037092456 19
12404161011214 31
61777191454450 84
143415604931875 65
471992847739380 67
346384482591792 65
178923561942573 10
644879374164905 0
2920517244369 83
1686799841544 78
64491075508320 61
82568854771500 57
213767457328972 94
335536962568458 56
6768884431734 56
35528476283100 33
250683735579459 43
291305971560615 0
76994225433684 73
400650951978672 10
762563621786785 94
443181893991300 18
40774459785416 95
597160228865332 96
130703089586586 43
187633167147432 16
792064005908175 89
234995514984110 50
2853737627648 12
233547541948218 54
253353067092450 36
323257543680078 20
671738670658005 44
413112087693346 44
139780377409770 67
6037706301341 43
319428584576784 93
55607331818920 53
268776729285405 58
216559936680682 56
611903040034 28
79568219464320 50
51061022639568 21
384351103129698 87
122510547917679 83
796629836654202 44
71280266039080 53
189175006291050 96
224285963793587 34
303604107032993 4
73648392735714 87
686021064190861 56
140600209642437 97
577252767344900 38
707879561175 61
615622020996444 6
504729866836476 83
317355897584073 89
420090257305162 2
105234735737250 4
42759135312195 63
209216827965640 70
418511498394915 63
43659642335190 90
807348371397938 44
354610509697642 34
183900469079900 48
2549941998195 96
129275230387560 80
525438754212992 44
43692133135728 18
138044945249302 34
20311420539969 28
33901341407625 29
85616338568164 51
58427322200 19
591328350130890 68
360961902365067 12
58011279186903 94
7638946966265 49
160399178710995 36
52123095689574 13
40846781126286 72
405465344876760 10
129482253122244 78
41184637781238 81
