4
4
3
17 13 18 11 16 11
4
1 1 1 2 2 2 2 1
8
15 8 15 4 12 1 5 1 2 4 2 8 5 11 12 11
4
5 4 5 8 12 8 12 4
1
7 6 10 6 999
7
6
10 90 20 90 30 80 20 70 10 70 0 80
5
10 0 0 50 10 60 100 100 100 0
4
30 40 30 60 90 90 90 40
4
90 20 90 10 40 10 30 30
3
20 10 10 50 30 20
3
40 50 40 60 50 50
3
60 50 80 70 80 50
7
10 80 20 80 1024
1054 1114 1064 1114 2048
3112 3162 3092 3152 1024
3132 3142 3142 3127 9999999
3092 3092 3112 3092 9999999
10000993 10001013 10000933 10000993 9999999
3162 3102 3102 3162 0
1
3
0 4 7 7 3 0
1
3 4 2 6 0
1
4
0 4 0 1000000000 7 7 3 0
1
3 4 2 6 0
