60
2 1 2 4 5
2 2 4 3 5
1 5 10 5 10
5 5 7 2 3
5 2 7 5 12
1000000 1 1000000 1 1000000
1000000 500000 1000000 1 500001
1 1 1000000 1 1000000
1000000 1 1 1 1000000
1000000 1 1000000 1000000 1000000
522997 21531 83376 550989 666116
885492 676904 872721 549248 886879
218652 475970 660577 749364 818712
742510 350900 939350 582633 782951
120134 413651 492288 81430 704632
207853 624854 869520 247528 350848
343852 538273 901875 256898 447328
219256 183380 613139 273284 894630
238100 806223 905065 669918 741319
154590 150277 801206 272718 636750
722151 504239 512389 482328 581525
993484 499186 819815 208072 776658
380267 31009 325873 348976 870011
65592 248848 392957 194562 283603
191030 29487 877727 108655 233297
347740 84496 259496 982709 987603
880945 453538 578071 784625 823099
924409 105490 649524 611051 954124
388678 58031 114788 165231 410512
600708 706263 833354 902802 957144
680308 776819 884066 834141 942279
859726 628782 658987 41392 343678
976225 426899 574753 245765 573328
982066 439237 714284 602768 687230
542881 506602 799964 543745 970420
85514 523036 933909 805866 986476
64294 553104 563195 283090 336093
819105 120163 439751 375901 867514
845317 639112 910048 796680 877276
227255 224479 791821 32282 819284
862425 251313 875295 256645 544108
476047 121484 732722 354842 450174
720389 335733 485525 80523 223583
927314 494904 960966 184497 965404
475166 449157 688204 289947 923023
500287 241534 376733 26331 582200
906586 519794 997824 246746 553126
507008 56627 822339 217247 380475
746356 636638 735676 402514 601907
880844 831924 970166 785821 809714
361848 44268 705702 834987 915017
958862 92915 571915 46918 759590
16946 117435 541111 211170 645552
265484 514708 539464 292653 644857
451526 153494 327021 624662 993206
432930 928485 970500 96377 346480
698175 61926 278623 64843 270703
767667 14883 824474 167951 694847
417083 432113 777288 736101 797044
910742 381930 566774 806763 978304
