60
3 1
4 0 2 2 2 2
2 1 2 1 0 0
3 1
5 2 0 0 1 1
5 1 1 2 0 0
3 3
5 0 0 1 2 2
3 2 1 1 1 1
5 1
5 2 0 4 0 4
3 2 1 2 4 4
5 4
2 2 1 3 1 4
5 1 0 2 3 3
246781 42396
9102184 10185 53022 76962 177259 40467
9853028 195672 6898 172261 19963 19963
244033 25713
9021802 153595 119269 83789 227654 51676
9975563 120224 139365 149788 193979 193979
247031 42536
9179564 18731 115575 49852 237280 138423
9648868 200171 125630 67699 168173 168173
240881 65971
9917820 69605 207733 121919 33689 213843
9847745 125272 123442 7327 111119 111119
243431 16839
9282826 189420 126340 99299 121729 221445
9731715 170873 194794 9611 18123 18123
249863 107685
9459862 184152 53044 108173 160078 23523
9359483 208959 178406 27049 66348 66348
241127 168588
9246507 121731 203528 215438 146630 63254
9814679 98655 161764 80283 123882 123882
244429 62577
9498965 181930 186588 47764 52776 31064
9735946 33993 211073 151084 14881 14881
244261 67269
9080123 198910 202280 83583 10634 61741
9706034 66152 241891 172453 216243 216243
241597 202867
9507880 190782 78035 178742 152286 80106
9978492 112077 46757 154373 148734 148734
244043 64223
9670898 150627 115036 3938 234022 2673
9539299 149064 169558 59334 77692 77692
245719 138913
9281573 122901 158466 144574 174855 230074
9036640 36370 182636 234349 10119 10119
240953 59292
9966311 77310 160991 179262 100030 159698
9822454 177260 170293 120170 3564 3564
241939 216503
9486243 63364 238891 40899 211220 38205
9157002 99291 162570 6774 31427 31427
242629 203407
9668923 232239 21940 43183 174628 40396
9475350 124868 240288 62107 58606 58606
245683 69031
9486746 142273 235109 56177 145789 43644
9459676 113542 187889 138669 154656 154656
244463 26771
9274176 78647 102814 59227 11508 146858
9278344 160889 18390 36359 145490 145490
240349 127408
9859061 106493 56096 155479 52563 210967
9856094 92255 18742 160843 118837 118837
242521 147928
9661542 218003 81466 46944 9318 61363
9717362 172216 52442 228431 68984 68984
248723 240998
9910890 52217 48652 144493 61231 50301
9359659 44613 194311 106717 215860 215860
247873 56189
9662473 90544 235006 185155 230424 209248
9854273 153435 238776 140049 161715 161715
246167 140831
9077343 19451 51491 175075 169042 68682
9331620 120234 236082 50842 206967 206967
241603 57968
9390389 118915 209676 49424 129791 21784
9836448 91822 131136 176909 69049 69049
248569 95335
9692812 197525 23850 51961 167535 209225
9640468 233823 143711 110277 69765 69765
242603 142078
9054701 198455 168627 51500 48355 191478
9964149 175146 169356 197070 873 873
246577 38707
9563388 75318 4052 7286 151402 212042
9093054 134131 21718 12689 41225 41225
247259 220953
9498782 216216 83520 55847 188341 161186
9522727 20482 204807 99300 202413 202413
240347 73684
9025531 13622 117865 25878 192087 193270
9448896 164678 182155 23586 185704 185704
247031 45930
9308846 104266 74039 214589 88143 33092
9384159 82322 237505 219691 137784 137784
243091 169558
9810433 196284 57972 10957 101646 58398
9600475 30310 177337 138654 86117 86117
249253 56342
9823518 216013 229363 123682 54105 142637
9795222 141760 151124 233309 58065 58065
243973 168938
9897998 196305 167341 140624 149135 17822
9158524 240472 175248 56705 113571 113571
245683 15951
9426988 3857 93164 178627 124136 54532
9470953 240605 31113 119895 219657 219657
242441 24655
9858136 163375 24975 111768 2751 167651
9317341 95028 20550 193318 93977 93977
248597 120682
9260232 153103 199960 184801 117500 50631
9312752 72494 53840 89225 215598 215598
245821 50281
9819641 173052 181673 126213 183247 221521
9440463 173806 159609 111729 84810 84810
246349 58839
9863463 56816 133963 48273 194764 232784
9394717 240571 101816 214792 52334 52334
243809 123255
9883748 204902 78612 101297 155637 137746
9545268 226730 9123 232382 66097 66097
245033 194920
9951672 49267 62446 207819 26764 94500
9259913 89207 56848 156724 208922 208922
249229 162882
9617872 220272 196799 188910 231803 202281
9993968 175984 103815 151363 119112 119112
241093 170033
9043445 69544 180840 7522 185262 74192
9833881 90898 31267 223463 202633 202633
247391 206886
9103764 145921 85941 192509 16326 169269
9395130 49507 49432 169856 231852 231852
243161 90526
9132903 98270 224226 240991 122123 178183
9346292 210956 86350 7100 97498 97498
242689 31936
9413505 231396 66494 36308 48136 234625
9169701 73389 43105 35019 7545 7545
244843 127877
9960964 203000 243343 183558 150973 180734
9987843 120874 172180 170714 148963 148963
243203 218931
9859469 53111 147884 173718 190067 94081
9012576 195828 146644 47153 156770 156770
246937 148968
9638854 69568 79672 109442 23377 199627
9571003 192171 63582 212910 66731 66731
244301 208232
9020682 208498 243070 85798 9401 83005
9832418 20943 5046 102565 243071 243071
249971 84693
9603298 204736 98043 54321 229609 196967
9992395 116437 24981 148173 237029 237029
245989 241965
9991706 132475 208940 168944 183060 190370
9498373 66141 48230 235135 28915 28915
246391 25444
9830202 4390 135114 153169 68594 176434
9914285 169117 69574 129390 120030 120030
243527 188584
9292884 216946 20321 199575 222331 44021
9737622 176710 194705 241024 646 646
241117 169385
9413239 115767 128460 1272 186701 212710
9467045 53059 99627 221053 207211 207211
249497 234868
9498974 181574 20915 231396 114117 39517
9804997 231931 162458 62143 17174 17174
246971 122004
9990330 85006 221062 237591 19283 236235
9732699 155323 6672 89434 199201 199201
