30
2 2 2
3 3 3
10 10 2
10 10 3
12345 54321 98765
1 1 1
1 1 500000
1 500000 1
1 500000 500000
500000 1 1
500000 1 500000
500000 500000 1
500000 500000 500000
320813 317748 38903
138867 351451 187697
364035 163376 439098
122612 43988 469986
226214 129928 408977
284198 155331 429992
484558 292080 226183
171737 440766 26340
254725 193588 492598
36190 169975 160386
41408 136075 416935
192383 203512 259578
60442 2849 34087
373965 441433 45490
138969 349737 156766
216121 452029 88461
162647 304920 107641
