30
7 10 5
15 5
19 7
16 11
10 12
4 10
2 6
9 4
4 9 8
21 6
14 16
1 5
9 0
5 5 5
0 0
5 0
7 1
5 5
0 5
4 100 100
0 0
100 0
100 100
0 100
4 60 30
0 0
100 0
100 100
0 100
4 60 31
0 0
100 0
100 100
0 100
20 11 2
0 22
4 11
8 6
14 3
20 1
26 0
32 0
37 2
38 4
44 20
45 27
43 33
39 39
34 43
28 45
23 45
16 43
10 39
5 34
2 29
20 8 2
0 22
4 11
8 6
14 3
20 1
26 0
32 0
37 2
38 4
44 20
45 27
43 33
39 39
34 43
28 45
23 45
16 43
10 39
5 34
2 29
8 4 1
7 10
5 8
5 6
7 4
9 4
11 6
11 8
9 10
8 4 2
7 10
5 8
5 6
7 4
9 4
11 6
11 8
9 10
8 11 4
14 20
10 16
10 12
14 8
18 8
22 12
22 16
18 20
3 1 99
1 0
100 100
0 1
3 1 100
1 0
100 100
0 1
5 18 10
28 15
15 20
2 15
5 1
25 1
11 10 7
0 15
0 0
11 0
11 18
10 21
9 23
7 25
5 24
4 23
2 20
1 18
11 11 20
0 15
0 0
11 0
11 18
10 21
9 23
7 25
5 24
4 23
2 20
1 18
11 10 8
0 15
0 0
11 0
11 18
10 21
9 23
7 25
5 24
4 23
2 20
1 18
11 10 8
0 15
0 0
11 0
11 13
10 21
9 23
7 25
5 24
4 23
2 20
1 18
9 6 11
8 3
9 5
9 7
8 9
0 18
3 5
4 3
5 2
7 2
9 2 5
8 3
9 5
9 7
8 9
0 18
3 5
4 3
5 2
7 2
7 6 13
1 0
4 0
5 5
7 25
3 35
0 25
0 5
7 1 1
1 0
4 0
5 5
7 25
3 35
0 25
0 5
7 1 2
1 0
4 0
5 5
7 25
3 35
0 25
0 5
4 5 100
3 2
7 5
4 9
0 6
4 99 100
1 0
100 1
99 100
0 99
6 31 22
0 0
32 0
31 46
26 51
6 51
1 46
6 12 6
0 0
32 0
31 46
26 51
6 51
1 46
6 9 5
0 0
32 0
31 46
26 51
6 51
1 46
14 8 3
5 5
7 4
13 4
15 5
16 7
16 9
15 11
13 13
11 14
9 14
7 13
5 11
4 9
4 7
14 5 1
5 5
7 4
13 4
15 5
16 7
16 9
15 11
13 13
11 14
9 14
7 13
5 11
4 9
4 7
