100
9384 331 4012 1819 749752
8336 2110 1584 825 642612
2363 655 554 1052 899809
3927 212 2514 842 457041
5212 3440 1251 1925 466120
1531 1506 1419 82 703605
3930 1540 3011 363 134440
8168 967 931 2719 479700
6230 216 5205 504 414394
8538 5433 871 3374 666410
6414 206 2916 1796 761869
1874 1862 1670 555 497418
2306 285 809 818 660910
6506 2050 2415 2257 927292
6125 5001 5418 871 900814
3368 2099 3293 1331 314512
1088 375 312 330 697570
3585 255 3409 50 613875
9933 3494 7748 3350 948684
13 4 6 0 299497
796 363 679 226 97786
6602 4406 3653 2936 571097
6653 4298 4759 866 724690
9442 8316 7615 3294 348568
8441 1347 4329 1877 740213
5772 5589 1482 1107 699720
4568 2971 2093 17 254915
6966 6581 3691 3245 30226
1529 1371 362 381 409883
20 3 3 8 488794
6341 597 4470 763 143737
2246 776 474 395 245317
2380 751 2200 28 471990
2351 553 1084 9 87882
125 52 59 14 375020
6492 5398 6187 2511 283698
1433 1103 221 112 154753
5408 3405 772 1290 796527
6030 3892 3710 1528 65896
4429 543 3891 438 641315
8777 7300 109 4203 116047
4539 746 1060 175 344985
5129 2268 1329 421 571423
6997 1108 3779 2526 513544
8491 2779 7416 1475 386247
5591 857 4955 229 471060
7670 4739 7182 2169 111132
9508 8255 1873 4026 279115
3623 636 131 767 197277
5569 2540 72 239 615306
7606 945 517 3374 46188
1306 682 1263 283 249062
8523 2653 5128 678 409427
3259 184 1737 159 305827
2601 1564 1144 299 420812
5551 3244 3335 1248 487540
3882 473 2495 1613 159066
164 49 26 11 254499
2960 1203 1477 1108 189217
1096 184 361 144 912518
2091 1940 720 12 757007
9108 5115 6081 3379 419477
6888 5119 1947 1276 452048
2010 128 1765 732 468646
8207 1797 7921 1347 576393
1256 386 340 5 231907
5940 4964 4614 287 312772
6229 4607 2380 498 997215
3921 3462 478 1869 822178
4082 3228 1064 790 813980
7673 3086 7117 989 742270
9300 158 2184 1448 341161
2299 1090 1324 902 688735
8582 2898 4600 2525 371883
5995 2944 4875 1394 86957
1777 1582 1367 220 349692
5580 4436 2756 2425 868075
9568 7188 4800 217 263578
1327 211 928 358 613314
3507 2200 845 1394 391820
9529 3149 1702 1812 851237
499 36 308 25 686614
3304 2368 3248 172 773393
9755 1999 210 4757 319895
4501 2926 2040 1547 67018
6991 2151 3321 2403 12577
254 157 141 110 761815
3997 2703 3120 1041 705179
5437 4214 4292 435 871139
6305 4844 337 1186 267082
7557 3666 6496 2757 859356
1044 319 572 462 808379
4501 4137 891 288 37548
5152 11 2952 1171 173074
2216 879 1338 281 61773
965 287 577 173 577809
3178 2599 2066 1426 416953
290 116 106 107 587638
744 709 714 190 963086
5341 3491 2293 536 175315
