65
3 2 101
1 2 3
101 102
4 4 10100
7 8 11 12
101 102 1000 10000
4 4 22000
7 8 11 12
101 102 1000 10000
6 5 2073
5 6 10 3 1 2
542 209 581 488 248
8 5 5409
7 9 8 2 1 5 4 3
941 734 674 197 848
50 5 1000000000
99 44 97 96 93 92 90 49 27 80 85 84 83 82 21 1 54 76 60 7 20 73 78 25 6 2 18 34 67 95 42 94 41 35 57 52 13 17 33 9 10 51 45 91 38 58 5 8 75 22
109945 105950 644501 47871 941258
3 2 182
10 8 2
165 180
3 2 275
3 48 98
159 163
3 2 820
2 10 7
274 550
3 4 355
87 46 70
186 116 164 104
3 4 1964
10 5 3
808 352 174 595
3 5 428
21 22 94
109 199 180 105 160
3 5 1555
8 3 6
145 529 567 117 391
4 2 530
7 2 9 4
192 156
4 2 536
61 76 25 43
561 465
4 4 886
9 2 8 6
183 123 185 182
4 4 945
74 20 80 16
240 753 603 961
4 4 889
63 62 4 51
114 893 440 677
4 4 904
100 44 98 67
874 911 448 272
4 4 1767
100 36 52 77
904 715 153 117
4 4 1229
50 3 91 46
698 256 699 662
4 4 681286
58 95 36 26
259679 450001 681312 260927
4 4 1153657
45 4 9 92
367123 58303 215476 760392
4 4 898521
6 64 32 47
27647 585811 60128 257458
4 4 1737711
36 44 57 20
715667 148316 415254 511064
4 4 3069
20 40 19 24
679 394 970 135
4 4 1750678
56 21 32 50
297972 673517 403694 95444
4 5 665
3 9 6 5
123 142 187 115 140
4 5 829
49 64 35 16
453 583 845 260 470
5 2 354
63 47 22 11 91
175 130
5 2 525
10 5 6 1 4
241 260
5 4 482
7 27 54 25 10
181 128 113 118
5 4 2154
4 2 7 3 5
623 734 601 686
5 5 266
4 9 7 6 1
199 122 123 105 131
5 5 441
43 31 32 100 70
147 115 175 186 121
5 5 2964
4 10 5 6 1
870 994 814 368 253
50 5 930653
98 95 49 93 57 91 34 87 74 85 2 83 3 48 80 79 78 25 100 47 75 8 20 73 62 35 31 24 71 18 1 54 63 19 52 6 59 64 11 67 14 51 65 12 76 23 7 90 37 36
793861 128249 930654 327792 471762
50 5 859592
56 98 73 96 95 70 92 39 89 88 22 49 41 81 76 11 74 65 53 52 60 68 55 2 1 54 44 32 72 19 9 62 58 5 13 77 24 80 27 4 57 25 16 84 31 99 46 90 37 40
637554 818603 777613 7188 617430
50 5 4759517
51 99 27 97 41 89 85 68 84 88 35 82 29 5 79 75 49 59 73 61 8 90 37 70 39 23 13 9 64 11 55 54 1 87 34 18 57 56 63 10 95 42 45 86 33 52 30 78 25 47
701280 378639 520266 707973 591328
50 5 4917022
5 96 41 94 17 42 91 35 37 49 86 48 84 83 82 89 36 44 78 23 76 34 74 1 19 51 61 8 13 81 28 46 22 63 10 62 14 18 59 53 7 77 24 52 20 40 64 11 69 16
448700 756400 690021 211743 351204
50 5 4576609
55 38 97 93 40 92 53 37 90 25 51 65 84 50 28 81 73 76 71 18 21 74 77 24 36 43 69 68 27 54 58 14 79 26 48 83 30 6 47 57 22 62 9 19 63 10 98 45 52 29
386894 559424 905118 73748 1000000000
50 5 201340592
17 82 97 96 95 49 93 40 90 32 85 38 87 53 22 84 83 13 11 5 2 76 79 26 46 27 68 67 60 7 65 81 28 62 9 8 61 72 19 92 39 20 57 33 1 54 24 18 36 51
54190697 65489331 36725726 6328800 70361935
50 5 761826
100 51 17 95 87 92 20 48 88 49 46 84 1 32 29 18 41 68 75 10 72 12 69 6 14 67 13 66 2 55 11 64 76 23 21 8 61 60 7 38 24 5 44 25 45 90 37 93 40 50
197193 82469 398792 761827 649796
50 5 978036
41 98 96 93 63 79 7 54 47 27 81 73 11 4 9 74 67 19 72 53 17 69 87 34 90 37 66 78 25 77 24 95 42 99 46 97 44 58 85 32 75 22 50 30 65 12 39 84 31 18
357724 289602 94212 958750 968395
50 5 2370091
100 23 31 94 61 8 92 91 90 89 88 87 7 86 33 72 97 44 79 80 42 78 48 75 74 43 73 20 32 68 66 12 65 77 24 50 62 98 45 58 17 53 28 64 11 49 54 52 40 51
18306 396527 692082 985950 124475
50 5 4170150
100 99 36 95 56 81 84 16 88 5 51 91 38 62 82 27 80 78 77 70 17 37 61 19 72 52 20 14 67 45 23 64 55 68 15 43 13 6 59 30 57 65 12 10 49 75 22 97 44 41
536025 655537 398176 705549 724114
50 5 5433972
78 35 73 93 92 54 89 24 77 84 83 97 44 60 7 26 13 66 95 42 37 74 47 15 68 67 63 12 65 11 64 43 3 56 94 41 8 75 22 69 16 4 5 2 55 59 6 23 38 48
816212 498793 981803 451156 919091
50 5 3475320
2 98 92 34 95 49 93 82 85 76 88 35 30 81 80 26 79 77 90 37 75 72 70 78 25 31 14 67 91 38 65 64 73 20 61 41 51 5 58 86 33 3 60 7 16 71 18 74 21 50
748292 718520 202518 67858 484956
50 5 4014644
99 50 95 94 69 70 90 5 87 9 62 43 83 28 81 67 78 91 38 52 82 29 75 22 68 15 18 10 65 12 40 13 53 72 19 21 36 8 45 6 59 11 88 35 39 23 2 51 3 47
139627 615151 648153 603794 517844
50 5 4327265
77 71 33 85 93 46 53 44 56 29 82 34 81 60 65 26 79 1 22 75 76 23 52 70 69 48 4 57 98 45 49 8 9 62 43 73 20 25 38 64 11 72 19 58 5 2 14 50 63 10
787556 298469 691918 129248 385312
50 5 2546967
42 99 35 94 85 89 34 87 77 84 62 81 80 78 93 40 76 74 75 22 91 38 17 70 59 68 50 72 19 65 92 39 58 5 7 30 48 47 96 43 57 3 79 26 13 33 73 20 97 44
221316 183916 33050 810485 57200
50 5 2601070
2 19 67 11 94 93 53 83 30 5 87 69 52 38 74 29 77 59 68 20 73 47 71 43 65 28 66 54 7 60 63 9 62 3 56 4 57 26 45 22 61 8 86 33 89 36 48 76 23 39
767149 376618 31047 5402 119896
50 5 5532158
99 78 25 49 93 43 63 76 88 87 86 70 84 3 51 27 48 39 22 75 21 74 97 44 72 18 71 38 47 57 67 13 66 41 42 62 24 29 68 15 32 36 37 61 8 58 5 20 64 11
921785 384882 521674 802464 595884
50 5 5057588
100 53 96 67 93 55 91 38 89 86 62 83 3 48 27 80 79 26 11 64 39 74 66 13 72 71 23 4 31 78 25 65 68 15 88 35 16 34 63 10 41 73 20 58 5 54 28 46 44 42
277877 556299 808824 273436 611833
50 5 7221440
100 94 95 99 46 93 86 90 20 58 5 16 53 84 3 56 61 7 22 79 65 74 19 72 68 15 54 67 14 35 76 23 6 38 77 24 39 27 2 28 10 78 25 44 11 30 50 32 87 34
847023 649383 399391 924330 790194
50 5 872471
25 73 45 52 8 92 90 36 89 87 32 82 81 68 15 60 7 77 69 26 9 62 49 2 55 35 13 53 14 67 50 33 76 23 40 56 3 43 27 59 21 12 18 17 54 41 64 11 75 22
215697 748997 304423 872473 528005
50 5 598417
9 83 72 93 92 91 81 26 47 96 43 82 10 45 89 36 74 24 77 76 87 34 53 66 37 65 12 25 31 86 33 16 32 5 49 2 67 14 61 8 59 6 20 94 41 44 15 48 54 1
375759 54250 63100 21945 153100
50 5 2443030
98 38 96 95 23 92 20 73 89 59 85 84 83 4 19 24 25 100 47 49 75 74 82 29 17 12 11 64 13 80 27 86 33 54 99 46 62 8 87 34 2 44 51 40 71 18 28 41 7 48
876076 352691 522627 783482 473612
50 5 3118833
100 98 5 13 39 92 70 17 88 86 85 14 67 82 80 19 24 77 65 74 54 18 71 53 78 25 90 37 40 50 43 87 34 68 15 60 56 3 55 57 10 73 20 31 76 23 99 46 69 16
980489 650953 245893 332428 271015
50 5 3450327
65 32 97 95 55 17 88 35 38 81 28 87 41 77 82 62 80 78 45 54 16 6 33 71 37 14 68 61 8 58 64 63 49 92 39 60 22 20 56 74 21 100 47 4 66 13 79 26 84 31
632679 177193 697868 394740 21841
50 5 2891594
41 71 8 36 23 85 1 44 29 70 83 49 81 24 34 72 10 25 22 75 33 68 15 90 37 55 56 69 20 66 65 59 6 14 9 62 53 88 35 5 58 11 95 42 21 52 26 60 7 38
858877 227583 319524 115279 243505
50 5 5353049
91 42 97 51 98 45 93 9 89 61 7 60 59 29 94 41 37 24 77 92 39 22 31 19 1 54 69 49 30 67 76 23 47 64 12 13 74 21 50 20 58 2 81 28 35 43 34 32 79 26
437867 799875 343365 463804 863024
50 5 3714481
100 85 95 92 96 43 68 58 45 90 37 36 83 82 20 79 91 38 99 46 75 6 59 12 65 3 18 71 74 21 69 34 49 4 66 13 64 53 1 44 25 41 19 27 61 8 2 52 31 10
217676 279297 472174 730123 514543
50 5 3580210
100 99 46 77 35 91 86 57 15 63 11 61 71 45 95 42 36 78 25 69 16 32 53 58 5 60 14 67 12 70 17 82 29 34 39 83 30 6 59 93 40 3 56 43 23 94 41 97 44 51
943541 371989 59553 63368 410687
50 5 2575585
100 2 52 5 40 93 89 90 87 29 76 83 38 46 73 20 12 43 21 74 59 72 7 15 68 8 61 32 84 31 95 42 81 28 88 35 25 49 77 24 17 14 3 56 54 44 53 69 16 18
111071 160772 774630 169725 71350
