60
1 1
2 10
4 1
3 2
6 6
10 1
10 2
10 3
10 4
10 5
926 412855747
988 302683841
946 389327602
942 755520817
962 725592059
962 124303339
940 673811789
925 136679808
994 838951449
902 822618701
947 337000271
998 956594967
991 912015925
968 65521556
906 481262173
937 871990538
981 375923945
938 683596292
923 433322473
944 458211048
987 710152969
995 704455203
935 705926697
910 923103943
973 891354303
942 655735865
929 721706024
988 761324387
914 96614820
909 926798536
999 605008820
980 702128526
975 409870742
976 12268300
947 254554901
929 259115399
935 750540969
990 308347332
926 495858693
939 352162907
924 509555021
908 980896097
992 251628105
920 213125789
918 813842008
973 815215859
985 796383349
999 337198141
997 342625816
984 619424491
