60
9 3
4 1
3 2
5 4
6 9
14 2
9 15
8 14
15 3
18 9
11 3
15 22
20 26
15 24
17 33
15569 5541
11583 9801
16692 25
9229 6228
22236 50
285788 5470
157298 7500
185465 3340
712096 1618
116111 8531
1004844898 5998
70982398 5
1912844176 4274
280090413 1327
1524325969 45
432684539840 1071
730523654378 2562
369544242544 20
823836837752 5
257470121962 2
371508310088 2081
155104102185 4617
840455709600 3010
516253853029 2524
999018856195 4502
890630293137 9910
966621871186 4
97326279643 11
800194613241 4986
424051667526 9993
312576262614 8689
208459759810 6745
799896021803 9345
752744976641 12
319948975564 15
999999999994 6774
999999999954 1073
999999999929 9869
999999999997 2287
999999999902 1385
999999999976 1657
999999999995 2961
1000000000000 7885
999999999965 470
999999999979 9266
