55
1 968 
3 767 308 284 
5 78 880 53 698 235 
7 23 786 292 615 259 635 540 
9 862 452 303 558 767 105 911 846 462 
11 255 353 267 500 766 937 792 682 28 339 575 
13 611 876 666 178 641 403 377 804 590 641 708 268 512 
15 511 831 275 539 597 170 42 467 286 37 560 817 474 917 250 
17 945 782 497 380 959 578 65 837 870 618 444 12 656 345 168 43 484 
19 743 398 250 424 103 472 294 112 512 942 604 955 793 162 243 182 873 587 787 
21 201 260 506 418 790 810 314 622 128 316 429 966 217 930 503 128 316 696 81 862 930 
23 999 876 259 462 934 705 543 897 770 641 589 909 354 747 579 267 705 83 572 270 807 791 41 
25 433 827 480 303 296 112 567 266 353 221 473 105 536 176 497 873 819 208 726 156 71 134 672 663 617 
27 378 733 719 221 320 986 89 206 453 199 328 208 839 774 86 650 597 325 450 512 575 14 695 426 230 63 103 
29 689 305 489 341 127 345 816 52 612 920 459 58 96 761 832 958 651 704 511 391 691 902 868 131 133 92 617 457 664 
31 241 172 738 267 885 360 159 170 984 680 77 77 865 506 228 726 27 292 149 934 57 886 879 917 244 891 3 35 132 846 92 
33 870 223 112 965 54 390 762 594 509 344 574 298 213 582 681 426 84 424 484 502 119 362 172 227 99 381 160 192 300 976 429 539 30 
35 668 839 865 10 199 285 991 869 152 668 734 241 350 399 756 564 473 811 975 910 996 714 954 995 970 564 971 566 671 189 580 421 990 923 161 
37 100 4 238 270 27 492 928 28 578 480 340 61 415 72 48 640 582 291 197 569 248 20 959 616 202 792 35 365 90 290 888 275 780 657 56 22 970 
39 924 316 873 48 30 517 241 654 410 366 719 195 910 984 92 649 306 307 760 145 615 482 150 463 486 487 823 708 235 798 9 217 469 143 9 978 232 626 775 
41 853 436 501 761 405 895 233 155 193 488 586 482 885 370 848 276 984 368 977 486 645 93 30 825 686 281 857 753 506 817 291 931 415 666 571 635 355 833 105 943 908 
43 156 884 848 933 536 819 493 299 636 272 763 334 229 229 85 394 808 819 405 439 757 178 562 57 938 718 268 282 543 969 722 829 32 483 464 683 598 312 574 229 72 85 17 
45 614 745 103 927 223 158 513 809 251 646 588 344 653 997 345 341 252 928 699 266 499 594 976 758 583 458 308 50 736 366 0 743 551 451 889 853 683 272 121 24 290 491 521 705 550 
47 227 148 683 247 18 43 290 310 581 595 94 687 689 370 381 886 124 630 622 617 412 297 244 25 664 934 711 130 113 739 832 322 300 47 809 542 791 666 319 744 453 716 158 861 80 677 231 
49 846 312 78 812 729 460 766 453 477 551 632 483 972 243 339 85 754 439 344 560 641 289 389 352 35 689 754 624 44 536 714 355 114 791 344 558 49 957 921 754 52 870 526 224 298 235 879 258 494 
51 791 219 317 730 753 333 288 393 577 528 487 586 275 841 928 862 533 556 68 917 144 168 412 116 648 583 91 109 110 714 134 677 675 320 72 864 711 708 334 368 779 195 366 557 437 810 139 685 10 818 427 
53 104 364 139 493 532 597 767 197 713 274 217 73 924 19 781 704 1 845 688 576 463 334 603 129 729 679 798 0 645 326 858 150 293 903 743 173 483 519 28 991 466 573 276 826 215 381 317 924 582 643 461 671 825 
55 47 696 325 768 584 566 537 178 835 226 472 540 835 426 263 947 365 53 853 152 764 936 608 585 164 506 943 251 674 324 563 473 154 540 920 296 922 812 401 458 525 736 697 717 521 437 530 626 663 47 688 810 320 409 902 
57 334 357 62 736 67 995 267 883 961 154 662 575 852 73 668 915 89 447 774 90 401 753 997 415 3 843 51 340 916 316 856 762 156 351 647 694 626 748 787 573 560 789 862 903 130 980 97 375 188 320 259 512 719 90 32 345 477 
59 279 264 300 653 91 868 789 823 60 132 516 678 155 671 257 692 868 564 498 446 905 632 20 179 616 737 388 825 982 494 276 84 716 880 375 0 288 498 200 188 287 114 702 237 268 555 357 802 704 362 906 763 321 956 57 822 898 243 642 
61 590 835 70 774 898 227 516 668 219 853 647 529 412 658 3 0 922 943 559 325 21 521 193 884 519 766 903 482 480 926 285 559 635 571 495 126 837 853 854 663 306 329 194 64 214 608 488 316 841 548 519 194 386 907 980 569 198 788 142 19 263 
63 535 741 309 691 922 100 38 608 318 830 502 632 715 256 592 777 700 60 283 682 524 400 216 647 132 660 240 967 546 104 705 881 195 100 223 432 499 603 267 278 33 655 34 397 353 182 748 743 357 590 167 445 987 774 6 46 619 177 780 375 61 399 22 
65 377 331 985 41 239 122 200 791 256 734 937 80 806 346 676 748 406 92 611 644 3 790 155 352 760 752 207 70 618 367 327 100 443 724 701 114 827 683 296 967 353 54 585 454 56 126 635 28 829 262 808 57 356 355 886 89 513 52 744 182 324 994 321 460 719 
67 3 619 803 907 978 973 143 636 516 627 428 524 2 994 142 786 915 830 966 513 236 586 942 504 134 450 1 693 363 797 786 709 558 343 463 207 391 202 81 166 808 988 507 109 984 27 429 229 217 557 588 161 615 765 215 467 263 895 457 319 537 357 350 533 556 346 515 
69 126 403 347 309 113 772 666 749 385 947 305 489 767 697 743 320 38 615 900 554 185 550 230 400 716 706 266 823 479 858 760 881 565 486 530 576 699 997 373 919 795 483 741 792 848 675 343 275 52 967 895 145 837 241 578 630 663 716 22 556 251 268 910 962 692 207 146 1 418 
71 752 43 166 175 852 271 257 594 996 840 797 285 963 345 209 358 546 354 256 423 770 994 17 200 738 405 412 447 224 288 868 490 680 105 291 21 263 164 511 767 898 768 663 799 776 225 489 476 440 614 28 601 97 298 556 359 412 560 383 693 112 631 291 35 530 37 602 796 926 928 132 
73 508 387 866 718 201 300 870 509 714 496 344 819 980 939 983 491 218 983 538 281 263 443 563 36 168 803 75 723 27 48 818 720 777 505 288 147 469 863 236 410 39 362 253 352 170 989 97 138 495 379 158 232 130 837 63 225 188 606 85 970 734 985 567 461 126 358 686 766 700 982 105 643 226 
75 453 293 104 635 225 173 391 449 813 473 198 922 283 538 572 268 997 100 262 637 767 323 586 799 781 697 412 207 93 225 238 42 338 34 16 453 131 613 650 25 766 688 93 685 309 564 356 565 10 421 805 483 732 703 88 701 609 995 723 326 532 200 928 0 431 799 465 833 1 223 375 974 842 877 699 
77 764 864 874 756 32 532 119 294 972 194 329 772 540 524 319 576 50 480 323 516 883 211 759 504 684 727 926 865 591 658 247 516 256 725 136 578 680 967 303 500 785 903 584 512 254 616 488 79 148 608 419 914 797 655 11 449 909 539 223 627 614 304 490 240 404 320 49 655 720 835 676 347 696 14 661 897 669 
79 709 770 113 673 56 406 641 234 71 171 184 876 843 122 908 353 829 597 47 872 386 91 782 268 297 620 263 349 657 835 667 838 817 254 864 885 342 718 717 115 512 228 424 845 393 191 747 507 664 650 66 165 398 521 37 925 330 928 860 983 412 519 851 779 710 761 828 722 21 76 946 678 313 796 838 149 143 603 805 
81 142 722 335 514 418 814 664 604 654 752 67 71 25 551 826 959 943 721 201 758 651 434 413 94 878 668 897 550 594 793 230 568 419 342 895 328 582 258 996 549 746 473 601 858 364 511 225 51 873 235 192 51 667 752 165 954 309 450 223 26 450 96 365 761 458 279 882 10 282 611 74 600 988 740 737 31 437 655 381 507 296 
83 941 338 88 559 562 708 893 879 297 77 227 14 162 368 901 98 331 108 692 166 528 786 195 862 749 851 709 923 965 5 381 450 380 594 319 589 708 403 516 844 274 607 429 364 141 309 574 682 704 965 284 118 399 68 192 254 167 127 449 13 772 562 82 443 875 876 739 55 961 517 234 565 901 40 422 595 372 754 634 465 830 279 118 
85 252 909 857 679 369 67 620 724 456 797 358 865 420 354 648 406 385 487 753 45 644 675 368 567 652 880 223 581 463 438 389 924 298 286 439 715 257 758 169 320 293 822 921 192 86 362 706 197 842 151 897 550 464 19 115 1 467 672 948 314 854 666 644 682 848 396 323 878 680 129 534 938 755 177 384 528 488 752 667 460 160 401 772 223 754 
87 197 815 96 597 393 940 142 664 555 775 213 968 722 953 237 183 164 604 477 402 147 554 390 331 265 774 560 65 529 615 809 246 859 814 167 21 920 508 583 934 20 147 761 525 225 936 965 624 357 193 545 800 66 886 140 478 888 61 586 670 652 881 5 221 153 837 102 944 981 370 804 269 372 959 560 780 962 704 24 484 228 38 413 546 694 289 970 
89 884 843 512 375 348 280 458 45 782 100 428 923 394 238 276 668 506 599 875 126 149 585 297 474 726 730 853 847 803 773 133 413 65 93 84 341 245 151 129 10 406 427 60 667 246 590 331 193 134 624 579 824 113 805 434 83 265 713 777 176 470 997 784 741 821 73 537 494 117 309 174 957 164 416 998 364 352 580 418 497 666 684 94 23 637 802 299 461 245 
91 429 383 71 482 900 242 395 308 781 680 257 106 42 198 230 928 666 115 121 696 289 250 803 925 717 5 6 640 837 785 523 857 421 154 622 726 285 194 382 664 782 526 766 44 973 55 792 800 398 508 763 753 66 433 295 806 726 260 174 700 12 924 236 885 318 952 13 278 921 811 92 156 960 203 144 226 191 855 853 428 33 760 528 283 37 144 223 469 750 269 263 
93 886 244 326 476 586 581 415 819 396 54 82 117 465 966 490 874 110 225 416 523 31 666 217 626 362 745 46 408 30 183 801 772 940 122 47 896 370 153 930 459 0 932 269 698 280 884 834 110 220 7 932 369 1 934 217 731 589 516 86 369 570 778 442 982 180 317 519 121 262 758 504 896 518 822 599 847 846 706 991 489 897 915 758 114 748 134 156 841 407 35 188 935 259 
95 258 555 693 861 961 429 868 200 522 207 288 128 551 589 809 278 998 861 520 258 916 140 511 322 704 383 706 575 410 342 674 804 950 826 322 896 33 984 344 810 303 141 138 12 966 689 185 992 746 976 447 368 854 395 105 354 516 222 416 687 257 634 402 317 984 242 80 698 961 899 52 665 654 909 202 209 458 158 903 273 246 894 970 984 57 533 61 8 388 328 367 779 455 882 90 
97 921 872 464 227 634 647 68 696 837 825 503 197 416 6 826 703 154 215 156 685 832 598 280 726 585 323 63 32 972 182 837 241 966 428 467 420 47 305 11 992 300 576 558 128 650 485 97 756 341 350 208 872 925 463 548 285 833 230 45 166 59 425 153 393 21 131 394 633 279 176 702 321 227 800 418 871 444 343 859 598 9 722 443 121 729 427 491 870 880 163 203 824 349 78 968 37 782 
99 866 778 702 144 658 520 590 636 937 802 357 300 719 604 414 480 932 332 880 42 336 477 303 489 198 217 400 516 37 360 257 563 527 957 195 727 709 55 425 606 26 901 398 461 789 59 356 184 857 392 856 123 526 330 573 762 254 619 683 522 856 640 513 933 326 572 173 699 580 417 972 652 843 582 594 123 918 295 216 621 77 359 84 443 669 653 259 188 736 119 632 531 70 142 749 35 114 733 304 
2 511 831 
2 945 782 
2 743 398 
2 201 260 
2 999 876 
