Case #1: Not enough observations
Case #2: 577 428 402 291 252 544 735 545 771 34 
Case #3: 762 18 98 703 456 676 621 291 488 332 
Case #4: 38 802 434 531 725 594 86 921 607 35 
Case #5: Wrong machine
Case #6: 863 914 332 914 352 538 579 357 505 427 
Case #7: Wrong machine
Case #8: 437 370 75 142 741 46 328 433 773 68 
Case #9: 200 296 626 311 671 64 600 649 15 469 
Case #10: 35 188 23 845 368 520 198 280 973 598 
Case #11: 439 260 68 165 938 320 741 792 232 981 
Case #12: 836 36 121 132 115 162 444 132 104 321 
Case #13: 169 766 316 100 402 695 833 924 868 164 
Case #14: 800 165 579 115 155 485 397 892 591 132 
Case #15: 12 123 630 403 88 13 716 682 620 212 
Case #16: Wrong machine
Case #17: 671 737 285 894 377 188 114 36 31 852 
Case #18: 547 21 522 708 409 563 166 681 372 411 
Case #19: Wrong machine
Case #20: 499 309 706 12 532 496 169 184 596 591 
Case #21: Wrong machine
Case #22: 51 243 287 11 772 631 963 393 308 117 
Case #23: 117 52 82 453 461 561 924 51 178 774 
Case #24: Wrong machine
Case #25: 776 780 877 52 725 929 793 919 721 279 
Case #26: 127 654 591 954 270 340 110 917 31 941 
Case #27: Wrong machine
Case #28: 493 61 44 54 688 821 37 868 201 56 
Case #29: 854 5 362 383 865 738 326 916 904 102 
Case #30: 719 181 80 99 865 221 345 881 565 158 
Case #31: 184 661 105 194 865 465 388 877 222 869 
Case #32: 644 499 307 244 454 178 463 139 35 315 
Case #33: Wrong machine
Case #34: Wrong machine
Case #35: Wrong machine
Case #36: Wrong machine
Case #37: 96 522 713 79 701 58 479 559 161 68 
Case #38: 964 553 653 415 502 627 798 708 300 579 
Case #39: 651 449 497 957 920 363 732 525 826 367 
Case #40: 521 25 557 3 54 464 52 135 605 250 
Case #41: 675 54 868 633 515 738 869 307 940 437 
Case #42: 792 808 907 388 524 550 79 759 228 538 
Case #43: 63 202 233 593 27 579 587 451 423 344 
Case #44: 551 450 984 8 293 172 487 124 517 833 
Case #45: Wrong machine
Case #46: 98 270 352 869 563 250 36 505 232 178 
Case #47: 172 486 864 971 603 697 927 850 774 910 
Case #48: Wrong machine
Case #49: 29 663 215 269 304 846 114 206 387 418 
Case #50: 271 614 979 74 762 740 272 167 572 45 
Case #51: Not enough observations
Case #52: Not enough observations
Case #53: Not enough observations
Case #54: Not enough observations
Case #55: Not enough observations
