55
3
1 1 1 100 1
1 0 1 100 1
3
1 1 1 100 1
50 1 0 100 1
5
2 3 4 13 3
4 3 2 13 3
10
23 42 32 98 29
19 43 36 67 21
1000
123 456 789 123456 789
789 456 123 654321 987
274640
805534 717085 254228 3 2
638775 998539 972144 914312 72817
450037
779371 741531 171496 8 2
257672 656428 119733 115 298
231569
74612 388327 900891 2 2
490320 260058 306142 484389 58787
107517
178916 895831 373825 2 10
225926 955273 862117 820263 519269
593671
522061 436541 931870 1 1
859731 191383 613504 943181 56290
618466
989599 861324 710880 3 4
619893 236547 810513 533969 911659
325512
772717 337405 460044 2 1
219200 769716 356799 822151 10040
579120
472979 219021 280390 7 7
337634 754737 483266 372 929000
703593
288244 741406 825424 1 2
308959 70028 121074 103108 205357
124594
314397 697687 917753 7 3
485181 268271 447932 204478 757098
711323
638700 502777 795197 1 3
415265 894708 919366 946713 543433
736821
603142 389098 551642 1 7
662126 212118 979674 374 808353
537385
886076 241303 53916 2 1
229500 551862 155416 207362 820977
193533
621732 785607 954025 8 9
71331 672771 778171 74044 831456
372599
85262 85009 876534 3 1
403473 296210 849495 490199 115563
711949
307859 521569 431610 3 10
455238 890665 168000 848 862
886066
451917 918515 558025 2 2
621377 394159 178791 50829 270391
991526
87540 814886 277194 8 10
293759 513718 925648 353884 687068
696263
497448 344402 308051 2 2
839106 568540 902808 240964 89116
871932
77096 909636 368158 5 8
825163 865408 743489 860 388
630621
568407 87128 441658 2 1
734418 735691 224865 734310 626931
963466
54596 728743 176924 2 10
887158 888042 848696 599626 30119
782248
595442 504332 912212 2 3
960117 713384 691753 51128 280656
950330
153323 372717 306753 10 7
315466 805068 775873 970 731
696959
749417 883837 121388 2 1
603109 72592 24254 702767 327762
936449
815073 298779 956050 5 7
138372 436279 731476 176145 747267
188280
41597 74069 977088 1 2
263419 152302 550954 71283 5
168746
191940 368959 655122 1 9
525846 349269 429049 946 618
360929
477378 139985 667535 2 2
947595 211018 484138 574179 362582
540071
869982 264639 683648 7 5
362619 77399 208781 788146 612483
616641
161804 735848 52880 2 3
311071 167613 903071 471773 83855
657901
203088 803205 178280 1 4
555717 731777 973815 854 321
508360
310567 322443 90046 2 1
877441 250555 812072 124216 309613
334101
653394 24758 440848 9 8
604645 598480 959514 164165 774243
676332
748764 324637 817498 1 2
885343 312151 985003 871398 5
39564
696224 116311 579330 2 9
596205 783412 193448 440 611
643051
111392 894753 886378 2 1
833187 899439 57228 949579 674553
690545
92497 337435 408260 5 7
512818 770814 99556 607275 194883
259581
179878 441259 516962 3 3
648116 227045 860060 732984 70706
259778
829897 464073 391971 7 10
708290 292950 902319 984 625
950793
30802 516900 109808 2 2
470592 736825 40447 751368 584975
490774
966695 973130 948288 7 4
919220 232024 958100 492922 434896
449607
846867 173436 627901 2 3
945014 955647 961103 517385 222081
46248
363379 214344 751290 1 6
460112 775961 500095 475 264
843205
679328 757211 918926 2 2
394271 287289 834689 579476 349328
301655
354838 112516 650110 7 7
794445 716533 267415 828587 802041
848703
584101 212779 285599 1 3
579130 75195 925566 595435 5
665818
416163 119806 359531 5 7
516915 753170 258387 903 661
621828
115322 103075 577392 1 2
221878 404899 480743 373761 763818
528745
996947 356972 459 3 7
300301 990257 965157 824846 370637
