35
3 3
4 1 0 100
5 100
1 2 3 4
8 8
6 2 3 37
1000 30000
10 10 10 1337
25000 888888
987 654 321 123456789
800000 1000000000000000
522950146 50579240 871939057 1000000000
800000 1000000000000
132048899 890668044 609207951 1000000000
420528 856268
223555546 35844219 358318902 812408879
496751 413153
85323293 341658632 434473367 19327059
272723 798904
865462247 731608028 665523247 468014801
650385 206190
88683268 684961706 797592577 746031829
129662 3042
836398550 669118447 305785219 833098727
267361 578713
127715833 959557700 782137039 357664535
326617 306689191266159
500978430 220039312 401785444 790268086
170638 687052
81300969 801568162 517313576 113262360
567622 169630
601242215 418949230 613808401 280296094
589101 571333
570071925 654238398 153367372 32141689
742122 971746
495480662 260108458 620508814 979110974
461704 747435
466743619 949733373 20798554 961656212
357657 38139640150962
533254980 770034729 637787529 934892133
612623 667496
718823846 35272956 412348642 748923094
653058 54304374392724
321043892 806772689 912677405 780155196
547695 322823
109160623 346074609 899644884 809425290
217409 29839
477052252 469927689 353671253 810675587
617632 879301
273731352 494895491 413233947 397209072
279517 413215
948351756 233396311 464122190 263412101
214449 587770
635883488 825935424 294755827 636256683
240094 262448
612264351 517802695 578019929 885916490
337512 811735
202986048 504485615 373177747 470870586
484615 143229
554982161 921210555 741431317 654488988
344891 356626861145925
903417637 703621926 683907638 548653990
308141 949762
345433106 99123015 482040809 800894732
605740 840301303602027
449898764 373347145 110613366 992461573
505299 661752
253379824 684549979 837621239 368785094
111027 638914895719959
888426469 174828023 875972740 295997980
