56
2 1
2 2
4 1
2 7 5 14
3 3
5 18 49
3 1
1 2 3
4 2
0 0 1 2
18 4
28 50 46 28 25 11 3 1 24 31 2 13 3 43 34 38 46 48 
18 9
22 24 19 13 46 10 5 30 47 10 42 45 25 3 14 19 14 44 
19 3
3 22 50 41 34 10 33 49 43 35 17 23 10 27 30 23 6 17 7 
17 5
50 13 46 29 22 21 42 33 48 34 7 33 15 1 23 8 33 
18 16
19 42 41 45 28 18 36 39 11 35 22 49 38 29 14 9 42 9 
19 10
47 31 22 5 0 49 10 29 38 22 40 0 24 46 1 23 19 2 36 
20 15
29 42 46 1 34 7 16 27 18 49 39 6 13 39 36 30 31 32 43 29 
17 12
37 19 11 34 33 18 38 35 30 20 36 30 5 14 30 36 9 
20 5
23 50 37 34 14 11 48 33 21 17 49 33 25 38 30 45 34 35 1 20 
19 5
4 13 23 37 5 37 34 10 21 7 22 4 32 18 7 36 44 10 36 
18 15
17 29 27 24 43 45 10 46 6 11 46 42 39 45 25 17 27 3 
20 1
0 0 0 0 0 0 0 0 0 0 0 0 0 0 0 0 0 0 0 2 
20 4
36 0 28 27 21 47 28 15 7 24 14 18 17 12 11 49 46 8 8 40 
18 10
24 45 1 4 10 30 50 37 23 49 8 6 31 15 13 31 36 44 
20 4
39 5 32 21 9 29 28 32 35 5 22 0 38 21 23 7 23 39 17 13 
19 15
19 21 19 35 48 25 5 45 2 31 40 46 16 13 16 36 4 10 24 
17 14
15 2 48 50 34 36 9 47 27 2 38 6 39 49 43 5 17 
20 2
18 36 19 6 47 3 33 2 11 27 25 48 42 38 38 36 44 27 14 8 
20 14
13 13 19 13 50 14 22 12 40 40 1 22 18 29 49 29 26 6 3 2 
19 4
0 24 42 4 11 35 50 24 11 9 8 25 0 37 34 8 28 7 2 
19 3
43 38 44 43 4 16 1 3 43 37 46 8 45 4 48 19 0 9 4 
19 19
23 39 19 25 43 8 35 49 21 38 15 25 21 14 21 23 39 27 34 
17 3
13 20 11 24 36 36 27 7 31 2 13 21 16 7 7 6 15 
20 20
19 36 8 35 43 34 50 16 21 2 46 8 14 10 22 50 18 42 6 3 
20 1
0 0 0 0 0 0 0 0 0 0 0 0 0 0 0 0 0 0 0 0 
19 14
0 47 1 5 31 21 35 44 6 16 50 41 10 1 30 26 28 45 31 
18 14
7 34 37 50 50 6 18 39 27 8 5 16 8 9 0 25 7 10 
19 8
1 41 37 15 44 19 50 25 12 39 37 35 20 21 11 43 42 13 29 
18 10
4 14 24 35 2 11 36 45 29 20 28 44 27 47 19 46 32 23 
20 8
39 10 40 21 13 31 29 3 28 12 48 18 47 33 14 42 25 13 13 36 
17 14
6 24 16 40 28 10 13 50 20 15 45 41 17 6 32 41 23 
19 8
17 34 41 7 30 23 25 28 17 46 48 16 41 48 48 35 41 15 32 
18 5
23 45 33 46 21 47 41 25 12 42 46 19 31 48 24 36 49 4 
20 7
12 35 42 15 23 45 23 4 16 2 4 33 2 12 42 8 6 42 21 40 
18 17
9 27 48 38 12 10 4 39 17 19 22 4 1 24 22 20 19 18 
19 4
3 22 50 29 18 42 36 32 3 44 32 44 19 42 7 50 12 19 36 
19 5
45 5 36 22 10 41 40 36 37 21 9 5 18 26 32 46 46 47 9 
20 1
1 1 1 1 1 1 1 1 1 1 1 1 1 1 1 1 1 1 1 1
17 20
29 4 0 11 15 21 25 1 38 11 3 42 49 18 45 46 44 
10 11
1 2 3 4 5 6 7 8 9 10 
18 2
26 24 7 5 2 45 35 39 5 14 41 5 48 13 11 20 29 18 
19 8
29 23 14 31 27 10 28 6 22 8 13 40 21 2 23 11 2 48 47 
18 8
31 25 31 50 12 9 19 23 14 19 15 23 19 43 46 2 17 1 
18 10
36 0 0 8 36 20 49 2 42 4 34 29 30 29 1 23 45 7 
18 4
37 23 15 44 9 3 47 15 29 50 40 16 14 34 45 28 45 40 
18 10
11 32 46 13 48 39 45 2 0 6 10 41 48 34 46 0 39 47 
18 10
0 1 2 24 21 47 27 46 44 19 17 11 18 0 5 30 1 41 
19 20
29 1 14 31 2 43 30 38 27 9 16 33 49 34 29 37 41 29 10 
18 6
27 0 48 28 9 44 42 23 34 37 13 29 18 7 6 28 30 37 
20 1
50 50 50 50 50 50 50 50 50 50 50 50 50 50 50 50 50 50 50 50 
19 12
3 29 25 5 48 36 3 15 1 10 5 31 9 36 40 9 2 19 32 
