80
3
1 3 2
2 4 5
1
2
3
2
1 1
1 2
5
1 5 10 6 5
2 3 5 8 10
8
11 60 25 38 49 84 96 42
3 51 92 37 75 21 97 22
12
1000000 1000000 1000000 1000000 1000000 1000000 1000000 1000000 1000000 999999 1000000 1000000
1000000 1000000 1000000 1000000 1000000 1000000 1000000 1000000 1000000 1000000 999999 1000000
1
776520
203533
2
183061 311640
76467 755581
3
345476 207099 495660
933523 762745 935070
4
929687 177950 980988 760656
647963 108914 505044 187998
5
729104 380128 346918 703252 458644
299659 574966 38048 693336 406032
6
57488 815320 798768 970637 789981 300916
812559 908119 498122 275 166636 383663
7
111267 125820 151702 161385 823231 606241 922837
174034 67818 918284 79 996797 232248 459692
8
417466 565516 686737 624066 413567 184060 425442 332446
424177 976081 305527 952831 552850 814442 515860 941746
9
753215 454339 664425 754758 685443 557965 158895 412441 285987
104404 126583 597713 161388 486672 861325 793226 887049 467236
10
340630 743657 169820 714419 35656 111679 361286 667495 870880 872931
137514 914618 976974 494230 968295 534671 420453 870371 68779 927152
11
714016 140110 532321 448389 811092 224908 35090 969027 478003 143133 329517
234057 787780 555251 873360 394070 227235 154895 399445 960550 790499 626241
12
914360 681803 132858 110346 259514 594945 182159 784090 838098 763525 93388 300690
64587 909972 529011 415297 852314 48236 880272 34693 421133 160943 489914 628281
13
572833 165224 562187 115674 267148 275821 475499 697465 165507 879953 368735 593657 78787
489998 448371 559148 336309 31076 212238 549529 858256 299545 286945 126723 577435 486097
14
681748 744720 894405 324979 723622 718172 329507 571854 923502 532291 519426 242395 299782 398433
590336 696338 39254 573259 802491 626879 538014 127060 856424 411353 322082 157995 505171 383539
15
89762 712435 952651 856724 785225 362281 524416 727760 651577 872021 679585 103000 98349 776341 397409
494547 516746 378012 287526 958085 906495 238250 451840 606556 954119 691693 94519 275098 892811 31220
16
548825 892005 215180 483138 350976 705600 118649 689447 306561 98075 352467 49226 964299 918444 414266 603072
181267 524705 386103 903840 673851 515137 868912 270844 504092 16690 449479 60075 680565 933587 96529 774338
17
820809 879982 138081 887820 727064 946314 931817 590316 380135 355759 18379 34940 690022 347012 65404 614843 974155
319654 284804 745322 508407 365729 498870 296656 696440 752842 599674 361383 389927 463997 683974 655334 175410 255791
18
380140 876852 246447 855628 400838 948416 950590 801001 536221 177021 35207 132761 279103 782187 571644 174102 939848 702532
586191 143346 781485 285565 207690 898408 904292 754859 670348 519054 465075 855683 550625 494054 732564 419194 263036 395667
19
873419 436563 340648 830116 292439 187800 357724 146578 928806 102287 258906 779848 269259 228048 620149 422310 291942 540315 292985
328737 164484 115027 537692 116426 120289 538969 631828 276857 189517 925510 301250 726806 137963 82116 507147 232643 486870 866570
20
680809 939935 264370 142803 756958 772978 808888 628162 139056 88983 989073 907760 993105 547092 684645 822710 154334 99183 31403 443193
523854 769936 240672 582237 139316 890565 765476 542040 477680 413792 258737 21345 192184 119611 479992 199175 151870 821916 392986 314781
21
626227 142976 279635 924200 723712 105751 628512 244516 893521 484779 51419 679430 84329 851871 600553 403600 434237 318983 331089 769246 64344
467042 281772 354546 632926 928759 974520 521821 657005 29258 114443 61702 197215 1723 713636 769626 947180 996668 967261 876304 848173 913005
22
280791 351035 212886 738345 507679 594422 867648 343803 745857 597089 837104 951147 140748 338155 472897 923178 761069 838472 969181 616462 71738 490110
966296 790887 885979 941692 582249 725232 257237 91492 487429 711586 891125 4202 830937 966370 723733 51284 230820 530842 386190 55521 884016 671140
23
953286 626539 371875 829028 321043 14054 916588 744399 859125 18281 58210 337375 831828 558640 953056 337448 84188 117703 422862 169298 358298 222525 668887
410406 920316 638216 306673 310455 395003 658101 725531 647855 488084 310986 586725 116789 241329 289402 317993 611768 329639 960579 739287 676955 121113 653672
24
444029 566265 75078 753735 481571 339374 356630 434187 413061 133778 541758 973765 637554 332050 324371 520722 643744 10553 105072 651829 964948 446662 566956 32327
760938 340473 265082 307340 24258 945581 886306 11232 725063 833183 465368 497744 633629 959500 810742 905413 771110 462905 741787 781082 139826 535756 181151 692815
25
129880 281522 581143 205365 317878 981072 811980 186265 285262 916323 563011 507336 991349 38069 60857 621883 89968 587727 898412 464755 759831 996019 178758 114495 497557
641779 456820 502634 157900 245229 164822 568773 362837 338403 529359 952333 398949 874491 386171 283448 562059 443856 861184 33441 687190 627314 470653 987469 618195 848769
26
13273 578611 29857 843732 661570 299339 817434 244631 365201 90742 956047 215977 823905 249365 349273 883232 483086 157047 907712 89881 168764 683667 499669 104649 260929 962994
775343 182833 560112 406442 176960 336560 158595 353220 677587 989042 357092 273791 99812 512198 466264 210670 315611 468494 991816 737148 292071 386511 236910 196624 526644 714857
27
830795 977160 272224 612316 897710 673471 593880 821593 659033 25057 21983 867237 18222 974301 817829 931736 938068 620005 928711 21940 833176 696485 17224 416368 995245 680353 661664
485344 22164 948586 324527 217986 851479 256892 164682 808679 867759 647607 134326 243323 735557 709304 811827 751923 699093 366740 777583 363347 38511 367856 502108 822874 539224 699968
28
9418 267789 689626 346967 539223 738599 637302 101679 998572 768730 575685 848651 26964 35863 503658 153232 629580 583122 631001 180590 849122 387486 117067 881174 96201 981939 32347 414153
530877 729298 871680 229964 117645 803903 102375 401464 175882 463917 747373 94637 867402 283512 391670 605735 160409 987532 535853 652969 38013 984931 24152 122837 742373 814059 95894 862685
29
682245 552248 100820 564048 261418 827066 156766 386603 409448 166429 286918 250346 450506 123042 250926 590545 302294 905380 194081 956585 93488 619667 459525 928069 268892 199945 603244 289584 515425
484362 622473 320501 302473 399389 581439 795849 555204 521729 936149 821721 846060 370126 703174 716012 533155 717290 192821 920309 780056 60452 680574 552888 536105 680240 759464 599254 996066 997183
30
794231 418788 316411 605149 447826 699617 441372 196687 908060 361668 931690 991926 617611 466477 647183 167804 25541 834842 16344 567815 891818 300449 347528 454658 177082 94489 49177 843478 464869 429273
918864 921529 747822 202456 831995 786909 631163 928436 282186 882760 910523 64462 41992 443715 347828 344338 851188 181868 39336 184724 15232 690023 395683 873302 891557 361841 343396 495462 294945 59988
31
112356 154574 511351 983561 657698 768608 112141 994786 898916 404283 83310 896540 581446 16303 622530 406601 829565 274257 272665 536265 859317 551607 272856 441557 920218 891343 567887 213672 719411 556125 262758
821004 647848 838095 598772 466685 310116 529150 735602 29371 576405 566531 34052 965041 895824 871092 114807 647485 343506 500730 589897 428188 552226 837776 936289 665075 124690 956954 477279 355964 224867 53919
32
380171 585288 510949 886774 914236 591427 91880 33998 921148 400812 742006 168783 796656 475025 199978 821988 535621 566966 108803 829758 609429 183421 220192 289027 623795 823137 701274 382374 831699 578908 885502 623314
367321 671465 468325 447808 633276 238052 960242 906792 475543 666701 991528 61587 560076 515371 468070 934095 267989 253517 870719 326908 346536 773547 653498 334340 107590 358572 164003 748584 516769 137089 414860 865717
33
433326 278244 827413 639472 207401 338417 977217 671488 122459 844333 875988 308793 74499 872827 16955 87136 566522 735492 441673 917450 386705 49202 483495 983331 909782 653321 99433 365658 612854 813661 160955 575661 286332
699444 117754 26828 370039 248632 500767 293869 628474 24 284886 289899 382397 709501 497069 366683 394273 826533 951591 725550 7441 175389 663921 988604 766788 870943 668460 876787 82015 395845 333801 35419 557238 125353
34
552389 686835 939612 141189 647568 968975 250239 577308 743255 138302 335809 194727 570170 352360 254517 999836 310279 453521 463759 394724 412550 728985 807675 585590 500894 491167 520473 890049 749991 836097 139353 902659 570189 194687
785840 101111 931421 206526 459956 72427 580015 535272 157530 385583 916273 698736 297993 884458 87372 870067 400410 629894 405620 786042 85871 797643 668881 633884 190189 753674 292549 373505 47063 173551 598426 26305 412552 923962
35
157482 62861 302151 67881 139808 696989 714249 368307 386975 111797 371797 698222 645021 856660 216026 627387 470539 72400 105071 893503 434617 897812 890437 563048 774361 323703 421052 235870 558683 278841 232273 490056 24568 322012 533684
912056 113611 198813 381623 944564 581273 188750 79651 23458 356913 872785 764901 425167 9711 340402 900134 457820 380250 586786 814520 123013 704173 332812 123691 842319 726451 100950 300800 413838 601355 300790 897141 277520 224971 285870
36
156714 793281 832806 57558 707548 791125 578020 264490 546915 665290 934250 955891 595740 775715 277996 916198 45648 989986 247468 715459 855712 12972 570164 722635 358158 568456 82799 598415 854181 718662 603429 650084 30663 480700 418193 665779
92881 955755 367265 915501 705068 323393 565066 498395 390131 951032 424901 737939 88508 603036 308265 345607 520454 57257 623462 720823 862909 459730 538523 508166 183468 975454 226069 969579 575615 784045 660005 102334 305140 2457 344861 673650
37
337912 962279 362402 515862 488637 418689 457092 348798 134142 832856 222842 252403 324176 845248 422151 968015 589390 635278 934174 93207 546489 340243 596246 286536 241529 638069 712379 591545 826754 992363 370302 471277 525842 802900 750412 765815 885782
272693 578619 757578 569068 464142 645473 316956 521284 872791 260095 664567 845343 999580 384283 8412 42681 173234 675243 323732 609412 446741 978349 163220 56970 488927 153300 703628 30579 215079 336860 552652 590055 456820 89150 56595 171083 268125
38
758262 595304 194366 372644 620330 279914 604569 767424 690478 620996 393990 888494 562327 111408 434456 161625 192313 657236 550030 473464 816559 755393 310323 230359 931912 600788 525715 239313 581326 565375 972314 101658 92468 893474 722186 161977 856027 566803
906072 232402 983105 234557 113188 929825 737095 375332 618260 337539 509469 919110 559052 940334 443276 181213 453515 928258 797087 894530 700709 212535 624751 930667 668249 639413 186698 453589 208974 783618 565183 902589 842095 26517 372169 668935 904223 541258
39
831490 335259 918383 874290 616323 446123 109115 968213 820013 947141 96542 563333 449107 441726 29684 58281 974452 72813 277843 32876 393509 700959 797443 113674 127308 379056 279373 166778 924040 841676 15788 9848 151150 840130 602464 364398 482735 827138 267682
395262 921685 904243 276658 474095 91756 325811 340172 951665 433661 704620 994297 609166 527478 638287 395329 502960 805925 503216 970046 10633 996643 175166 163211 960035 277581 270365 392924 919236 951534 824610 540327 361277 430969 633706 64832 912719 880433 464664
40
515451 908011 782697 627178 603557 532843 540917 529023 13028 143340 111684 270379 818344 812284 537034 324204 63944 497155 590273 944485 35176 152228 214113 89679 938564 165179 697919 571149 853339 341895 359615 930270 107834 186081 458487 974444 421283 794538 309218 327233
956187 729476 414014 555289 689229 237686 72835 847442 141982 972211 320959 979968 66318 652532 154451 635357 582663 725634 933700 900189 800390 308368 484926 866784 498659 420420 639340 996289 858174 930774 626412 831180 996104 666961 331507 821900 893227 595383 916349 131329
41
444802 732718 616496 611178 974404 439626 358229 967228 662576 760078 427764 900100 61937 668265 416781 132394 795384 341530 151278 25129 349331 557479 52066 61344 77945 759927 775687 474550 938722 293069 63358 199848 336787 888801 245115 668593 887671 138333 448444 251604 792041
253105 99222 540617 528463 937875 457706 746370 11296 602070 287607 200152 550469 151782 863369 373207 862685 346270 227344 221795 567451 164422 540427 914821 635274 733356 705635 265046 445105 271581 875540 948102 380690 671040 556550 509641 811916 232336 914554 504352 908512 756532
42
153536 9488 791229 567877 617120 517155 743419 836521 641316 532614 984124 935854 969569 978189 285474 694765 269452 311447 557728 220579 189252 417166 746577 156233 287865 327309 740533 291457 903607 646173 471880 672492 498707 675096 927681 979416 97520 38895 280740 519127 297071 382023
799044 581931 644785 139645 557273 789597 941001 350219 934010 377517 882179 751426 749559 914019 383564 757687 326229 409860 680956 184379 112614 298528 614343 276354 794821 113928 134395 957284 596204 234206 735478 698818 272882 780932 200360 264513 94435 286134 886465 857330 923453 734836
43
869650 611077 922200 188533 577004 262725 193222 655843 451869 182050 544448 494030 918384 313053 427929 959669 33831 782566 983425 613231 44123 309080 766271 112956 888315 109974 783998 914086 830448 33024 742782 456979 857249 72785 79339 973290 331666 52119 207371 892512 6439 358544 786512
101790 748295 485214 568205 724433 923356 913319 641093 57293 594678 694668 675744 19934 771727 436676 808183 296941 688937 95252 477198 285772 873556 413933 710753 919966 684172 489250 83863 799206 544382 410628 474067 753258 426219 632476 701610 136835 86949 566340 29487 227844 380791 794274
44
118405 553122 843842 922278 769355 996865 255567 105321 782421 389454 916206 181310 680006 535549 293880 378862 291754 549830 772497 318095 68134 888576 473897 454195 759873 247593 374479 275648 15305 441282 879533 252384 688867 666647 754468 747918 678067 800093 674181 282769 437092 681971 611944 882630
133076 942603 602029 765973 83487 498786 63821 355014 784775 178091 46172 914092 678205 966730 377629 446207 907598 709563 894209 33032 426797 463891 490238 959349 186585 286559 69896 485196 448554 575465 482735 49084 507262 728408 443797 533776 137658 850231 139082 660285 244159 16974 48774 563866
45
247148 950786 529071 253129 980231 305651 460709 742230 379066 720740 347741 150641 256876 847663 303837 924766 825297 457751 628070 282230 175050 47621 162593 442415 755432 695710 166199 703300 414158 62013 407424 214145 485748 213458 529619 916013 730696 104534 835388 56595 101551 924138 697099 144943 721896
166155 643017 839730 911634 117172 848262 486386 187588 680081 944334 653938 678234 829979 613114 867081 433936 26964 189922 491505 641926 302497 44592 843374 866723 694719 234768 132952 242902 215587 762627 579271 441400 556402 365203 586587 312205 456986 940257 227941 827690 344843 394138 709302 60592 733462
46
700482 678518 212768 485188 248879 984773 642626 15882 802880 741244 513153 422501 534297 723796 121701 577033 482222 73406 382328 387071 483212 348713 260765 522490 103620 769439 435402 574281 372911 251919 271843 463718 393827 252133 962164 556011 75249 957781 211211 700388 156247 900856 507184 866623 533513 942861
624642 924704 374295 166496 48560 157713 677819 799623 500112 41431 873985 386441 828703 242592 105491 26 187926 60440 837344 537154 858981 598298 160553 106011 218959 48707 580968 883577 858273 159075 53276 247204 766736 980301 841333 893568 402990 169614 654233 282830 891145 105978 532753 113931 350816 462177
47
336694 252419 860385 987117 549871 739270 758101 461387 735227 784865 299884 729893 580772 628519 480020 704776 315645 492001 311444 615550 563204 370247 335417 653533 888352 963290 130856 544617 278665 265249 453907 567015 730502 555261 173639 354815 330322 542635 950753 170316 953624 510742 854176 773636 650334 6423 561366
856383 65662 531850 431353 4070 388814 910734 750294 982777 933729 800472 488677 673276 14503 67893 975607 381695 863215 613914 943052 937865 140685 72617 452865 524960 641751 115395 878246 495288 592137 573572 178734 670326 669256 560415 166527 596127 969988 112471 32682 469026 583926 712856 36404 781758 965897 337328
48
105681 706133 753005 734581 207999 665030 80915 910905 84219 641499 870266 868225 718901 293003 719618 528159 718368 125250 328628 737900 63070 195144 92151 952503 251403 110275 195436 470619 772003 44371 408102 34410 534097 638235 300937 959173 507541 435871 293374 57229 729808 971401 709200 199924 806639 717574 463718 262061
696306 776973 649693 9858 622552 660160 643458 154116 103977 948523 333545 769756 562143 587369 517612 457536 361202 217125 927044 2626 569471 360190 661693 326338 69524 228292 74265 284100 907931 617760 456963 828188 553952 848 363310 485446 497408 90063 47434 584978 743856 912274 815331 785276 170343 988335 906774 492250
49
253401 893808 201454 994289 890502 138660 145883 663931 498929 919337 192501 440811 453499 940334 82289 272989 873069 536827 51195 300362 858456 179173 149863 88339 205533 5614 952511 803630 343625 263479 901114 671402 407000 998690 530510 170784 295387 711816 742364 654776 7027 482452 339914 645397 168573 883642 556591 93022 843656
226904 370023 119082 411905 940071 489029 915527 139696 241181 313960 602343 825371 250659 683430 853800 86984 332910 332838 349823 673184 313468 7114 184128 688495 183213 251465 467660 726792 949180 34714 385495 35782 27160 507404 723284 275693 692067 47347 251968 616942 442182 982396 840520 365513 697263 776674 947928 905997 729832
50
514881 999739 185365 942376 182534 149257 870730 156980 515332 699458 316230 913207 877691 585162 110929 401839 890429 29952 730029 169266 353073 769020 690235 432767 298244 418615 70062 62641 498350 856394 644772 582413 536412 853903 439846 167674 562367 838692 614845 448592 860465 802510 297583 705992 171775 892153 59989 274260 402519 867165
723418 517448 25039 395133 442770 815669 155344 421385 26612 838359 906525 237284 593590 339492 508484 307904 206468 908164 133023 801892 298844 285536 816007 164815 620680 433555 64855 626487 155705 561598 612440 570986 130685 131704 703054 169686 230429 34210 958942 141668 634582 460888 326106 525246 55410 328579 885611 881009 426049 239499
16
549422 468025 578538 657147 127915 278760 56924 516918 128359 586961 887410 681395 625482 615659 615366 543969
903850 154226 907849 661412 429802 417511 169464 266329 192189 515883 482733 899974 207112 681140 102098 253283
42
750825 219504 800319 998917 366752 443558 681425 398637 473329 262324 483996 647585 469367 674551 20541 773214 702243 517871 183124 957568 838012 983420 710733 983236 876471 520424 648010 380072 706606 219101 998575 576047 601216 76343 377929 112833 519878 312628 387547 99886 870445 66824
988231 113491 33845 104974 497430 631957 882437 156184 143716 941259 254568 195687 172907 461880 36968 969206 620906 718645 67461 718321 720753 387757 711762 814851 336140 233602 402413 581389 234122 211918 139673 198450 48360 277444 484218 131663 792415 580532 224044 70216 85447 721517
14
40190 104038 695036 876755 551772 159194 503507 804237 108817 571934 554438 133491 871256 895676
199150 217386 919858 200656 567344 169161 419573 476468 933528 390745 941502 621261 299743 611436
21
766961 941771 755863 438467 688436 656309 827533 349150 63822 3046 311001 157697 465194 516251 615479 931705 986637 35944 331856 59433 739233
74361 90001 549463 559646 853491 410215 790688 609556 56568 888473 495180 530903 485322 648385 469244 703431 220103 942888 391680 131322 954898
39
376261 939592 146003 102194 980651 628084 284884 341364 793461 965234 433996 262020 144346 986649 67577 757303 854072 769959 58150 942470 375784 323691 560076 942355 786412 505619 390293 10297 59845 165586 434363 873166 569890 41390 770319 581368 692658 281635 698582
348073 313498 459767 348366 303736 636226 573019 886798 485149 361994 931963 863051 427849 686747 592931 90999 103712 825368 826765 603395 159956 233010 44555 531397 195743 899163 414221 504566 926108 171090 84432 699026 96323 786589 843876 870562 359231 25109 977432
44
898734 151963 637059 755147 518452 665384 451442 129389 961852 23171 565225 913462 516045 476939 296216 61653 343044 586484 823708 388585 702004 350351 88814 337452 387287 104705 258796 245549 409199 382805 151106 653109 842877 769454 502773 43980 783197 135957 333388 217044 640764 761649 321627 55250
312120 364756 213165 987981 134866 133937 407373 97807 354002 810412 381361 818376 318328 875210 519876 278226 884314 942856 778446 273936 992223 401799 633858 491247 155798 631012 171749 669134 898356 324326 609942 938170 630696 320337 763902 392338 305693 572183 522516 677194 489099 254894 241357 107594
14
877821 627487 290614 191957 132847 130609 226633 244775 295786 887905 16602 446068 308826 198705
779265 386870 59943 165647 116627 574259 78789 886079 739912 499895 351401 574119 497726 571508
17
564150 686102 808434 886492 566066 89852 676084 62033 681374 979013 470249 106460 253508 594993 977996 474171 816420
623119 837849 592502 511033 109376 27755 832885 896612 79187 146743 165163 636920 235728 935647 12336 520161 740817
22
121325 747569 41673 425035 951345 135945 901096 263866 631520 50144 466007 769392 797066 476275 104414 749934 270618 101257 695270 368870 800357 152930
50584 335662 30818 475771 976611 473249 972729 282561 566621 406226 228916 37392 540225 512494 84114 450982 556695 349293 607738 789673 920305 354677
7
792017 632145 354059 114324 145779 541672 220726
509848 190827 929145 727922 688337 811110 472284
38
677558 88713 437919 875299 49331 228482 779591 602737 182841 104041 383604 692695 245807 794130 77922 600174 954182 916082 138252 179587 452138 625002 391019 799536 671252 721013 410395 762902 321084 80811 941215 27897 564204 886639 691515 516024 140464 97916
241791 989031 241258 772486 53284 429451 958018 475152 80143 744305 683258 346058 79410 381483 186399 916900 998290 206568 52123 331187 397539 351727 45992 414462 538511 699384 236319 249831 664533 103 89006 460721 551886 512678 396904 458034 571980 985629
11
467798 789595 332177 337068 477965 910057 184790 134391 200594 724738 216946
36594 46809 48179 185616 242007 620373 368656 226718 320082 426147 523538
4
513394 355222 631320 366144
709945 922656 257550 881314
16
844249 485675 924129 7458 524271 506836 475673 63159 339115 202654 208994 255773 982939 887793 727822 295119
221474 651912 558526 409163 589656 817876 609953 853374 643871 538496 293195 851679 504707 425040 473966 858904
49
617250 247735 51230 178725 449815 222343 767394 571809 336267 943244 253471 436526 568255 820284 370964 831001 466072 321262 415052 906427 407872 515285 851544 745599 320171 705817 928223 409937 235380 154707 745484 162277 354469 541989 783461 162273 967702 362676 808316 849449 824620 580100 805182 520709 340291 261294 349288 766384 190950
120064 522458 25279 764411 651697 403268 816363 870204 198143 599421 768254 481760 550055 291570 253270 263256 377665 966907 613913 543605 38069 910089 266422 922470 998110 854140 370387 72863 743161 753297 133721 364694 866569 164536 95064 479847 514763 452 93911 864536 911761 783868 583612 539126 791038 263822 627860 458782 120797
27
166400 733848 941150 919118 201021 919389 801837 388062 660878 921081 662768 291794 183176 340939 908190 505068 141498 248426 805239 511006 174390 252578 879779 691873 162240 87836 107883
806629 747923 201755 552206 289763 514058 294498 329857 937230 585522 660660 212103 161895 377705 704563 226728 396208 553202 488618 315153 5880 3225 25318 395079 232021 289661 759423
23
575344 335871 65844 622914 84154 413446 424628 868520 965117 665452 808377 737140 17741 949768 819087 645822 197725 899480 352563 527540 305005 367435 447318
870903 435809 529321 687873 637970 598766 810784 9874 477143 93037 97900 9508 436312 177170 633441 413197 519103 67894 106392 234241 314315 68112 914676
17
112807 712450 168400 994140 881640 888271 122311 539764 834723 513963 917791 293725 857385 232811 72338 532480 148897
7196 550907 524815 361024 656367 707546 221897 391783 149649 131460 956444 968152 250073 590058 215396 367574 338971
3
245905 687513 274394
558169 821608 342315
16
864557 357472 244578 227730 873864 516204 575354 560960 881568 49112 983247 828695 482147 375309 769075 504340
282083 658671 66226 200815 422365 301797 812704 127980 151783 79416 382170 184208 673910 641172 545890 156913
31
920429 581265 28647 916598 447099 332408 990942 65167 455845 953815 143821 464369 172540 764025 550529 724200 410718 837866 104467 881346 276603 189911 555832 637807 788020 564864 361591 306897 934623 6684 907957
504486 377319 143305 360044 950031 915857 584877 884090 48445 851673 474351 855382 496119 441338 879372 140509 797898 350413 441494 715467 145677 925577 120783 731269 826255 311337 800926 966226 889120 482027 663468
40
541753 128756 527198 616615 173896 854417 412655 702424 276508 569432 530665 809653 736938 764269 79039 243820 637434 676704 858378 166810 111153 86516 206302 444693 135803 815803 298505 546470 703188 931548 216999 84180 824628 670519 173925 622491 29845 361695 958992 988540
599970 196870 419033 423598 919486 638262 597415 492274 734317 270587 158425 148420 914211 471775 204951 677933 138023 312717 43411 621557 347300 784535 476002 791030 933196 377811 815601 664204 634089 670944 233957 771689 526146 441478 954323 404805 168550 818812 162841 295602
2
45443 821335
615693 745303
33
122446 858449 799048 663173 741459 778501 634626 599680 668143 120406 491830 209966 103126 728511 148793 477304 831234 367204 464944 194622 970988 79039 772567 786848 409831 40625 340909 23322 880729 639226 726656 601031 445462
926852 612624 809798 571738 411034 832483 190778 228899 767542 790373 691883 673001 464887 376185 956042 627131 598513 769760 46225 473208 426974 969604 629193 352678 122675 315234 558885 25522 301070 465427 497036 352389 894155
