110
2 0
1 0
1 1
2 0
1 1
1 0
2 1
1 1
1 0
3 0
1 1
3 1
2 0
3 1
1 1
3 1
2 0
6 2
6 1
9 1
5 0
3 1
4 0
8 1
20 4
7 1
3 0
10 0
13 1
4 1
2 1
12 1
4 1
3 1
14 1
2 0
8 0
13 0
8 1
5 1
13 1
12 1
13 0
2 0
6 1
10 10
1 0
2 0
3 0
4 0
5 0
6 0
7 0
8 0
9 0
10 0
20 2
12 1
16 1
15 1
21 1
27 1
16 0
5 1
23 0
16 0
19 1
9 1
16 1
8 0
16 1
25 1
23 1
24 0
16 0
13 0
20 1
28 1
31 0
19 1
29 1
19 0
3 0
20 0
23 1
11 1
39 1
3 1
5 1
6 0
22 0
1 1
40 0
27 0
24 1
26 0
14 0
34 1
13 0
26 0
27 1
36 1
1 0
1 0
7 0
7 0
28 5
31 0
19 1
29 1
19 0
3 0
20 0
23 1
11 1
39 1
3 1
5 1
6 0
22 0
1 1
40 0
27 0
24 1
26 0
14 0
34 1
13 0
26 0
27 1
36 1
1 0
1 0
7 0
7 0
28 28
31 0
19 1
29 1
19 0
3 0
20 0
23 1
11 1
39 1
3 1
5 1
6 0
22 0
1 1
40 0
27 0
24 1
26 0
14 0
34 1
13 0
26 0
27 1
36 1
1 0
1 0
7 0
7 0
96 18
33 1
7 0
38 0
12 0
21 1
3 1
40 0
19 0
44 1
9 1
43 1
5 1
37 0
44 1
38 1
2 1
42 1
10 1
5 1
17 1
29 1
16 1
29 1
42 1
16 1
13 1
3 1
4 1
11 0
33 0
30 1
13 1
17 1
36 0
15 1
45 1
11 1
44 1
44 1
16 1
29 1
45 1
14 0
40 1
10 0
22 1
27 1
2 1
30 1
3 0
19 1
31 1
22 0
14 1
33 0
45 0
41 1
22 1
34 1
28 1
12 1
20 0
41 1
4 0
15 1
4 1
6 0
15 1
13 0
29 1
41 1
38 1
16 0
43 0
17 1
10 1
2 1
11 0
17 1
8 1
41 0
18 1
15 1
37 1
10 0
34 1
22 1
2 0
41 1
26 1
5 1
29 0
34 1
8 1
17 1
34 1
96 23
33 1
7 0
38 0
12 0
21 1
3 1
40 0
19 0
44 1
9 1
43 1
5 1
37 0
44 1
38 1
2 1
42 1
10 1
5 1
17 1
29 1
16 1
29 1
42 1
16 1
13 1
3 1
4 1
11 0
33 0
30 1
13 1
17 1
36 0
15 1
45 1
11 1
44 1
44 1
16 1
29 1
45 1
14 0
40 1
10 0
22 1
27 1
2 1
30 1
3 0
19 1
31 1
22 0
14 1
33 0
45 0
41 1
22 1
34 1
28 1
12 1
20 0
41 1
4 0
15 1
4 1
6 0
15 1
13 0
29 1
41 1
38 1
16 0
43 0
17 1
10 1
2 1
11 0
17 1
8 1
41 0
18 1
15 1
37 1
10 0
34 1
22 1
2 0
41 1
26 1
5 1
29 0
34 1
8 1
17 1
34 1
500 250
1 1
1 1
1 1
1 1
1 1
1 1
1 1
1 1
1 1
1 1
1 1
1 1
1 1
1 1
1 1
1 1
1 1
1 1
1 1
1 1
1 1
1 1
1 1
1 1
1 1
1 1
1 1
1 1
1 1
1 1
1 1
1 1
1 1
1 1
1 1
1 1
1 1
1 1
1 1
1 1
1 1
1 1
1 1
1 1
1 1
1 1
1 1
1 1
1 1
1 1
1 1
1 1
1 1
1 1
1 1
1 1
1 1
1 1
1 1
1 1
1 1
1 1
1 1
1 1
1 1
1 1
1 1
1 1
1 1
1 1
1 1
1 1
1 1
1 1
1 1
1 1
1 1
1 1
1 1
1 1
1 1
1 1
1 1
1 1
1 1
1 1
1 1
1 1
1 1
1 1
1 1
1 1
1 1
1 1
1 1
1 1
1 1
1 1
1 1
1 1
1 1
1 1
1 1
1 1
1 1
1 1
1 1
1 1
1 1
1 1
1 1
1 1
1 1
1 1
1 1
1 1
1 1
1 1
1 1
1 1
1 1
1 1
1 1
1 1
1 1
1 1
1 1
1 1
1 1
1 1
1 1
1 1
1 1
1 1
1 1
1 1
1 1
1 1
1 1
1 1
1 1
1 1
1 1
1 1
1 1
1 1
1 1
1 1
1 1
1 1
1 1
1 1
1 1
1 1
1 1
1 1
1 1
1 1
1 1
1 1
1 1
1 1
1 1
1 1
1 1
1 1
1 1
1 1
1 1
1 1
1 1
1 1
1 1
1 1
1 1
1 1
1 1
1 1
1 1
1 1
1 1
1 1
1 1
1 1
1 1
1 1
1 1
1 1
1 1
1 1
1 1
1 1
1 1
1 1
1 1
1 1
1 1
1 1
1 1
1 1
1 1
1 1
1 1
1 1
1 1
1 1
1 1
1 1
1 1
1 1
1 1
1 1
1 1
1 1
1 1
1 1
1 1
1 1
1 1
1 1
1 1
1 1
1 1
1 1
1 1
1 1
1 1
1 1
1 1
1 1
1 1
1 1
1 1
1 1
1 1
1 1
1 1
1 1
1 1
1 1
1 1
1 1
1 1
1 1
1 1
1 1
1 1
1 1
1 1
1 1
1 0
1 0
1 0
1 0
1 0
1 0
1 0
1 0
1 0
1 0
1 0
1 0
1 0
1 0
1 0
1 0
1 0
1 0
1 0
1 0
1 0
1 0
1 0
1 0
1 0
1 0
1 0
1 0
1 0
1 0
1 0
1 0
1 0
1 0
1 0
1 0
1 0
1 0
1 0
1 0
1 0
1 0
1 0
1 0
1 0
1 0
1 0
1 0
1 0
1 0
1 0
1 0
1 0
1 0
1 0
1 0
1 0
1 0
1 0
1 0
1 0
1 0
1 0
1 0
1 0
1 0
1 0
1 0
1 0
1 0
1 0
1 0
1 0
1 0
1 0
1 0
1 0
1 0
1 0
1 0
1 0
1 0
1 0
1 0
1 0
1 0
1 0
1 0
1 0
1 0
1 0
1 0
1 0
1 0
1 0
1 0
1 0
1 0
1 0
1 0
1 0
1 0
1 0
1 0
1 0
1 0
1 0
1 0
1 0
1 0
1 0
1 0
1 0
1 0
1 0
1 0
1 0
1 0
1 0
1 0
1 0
1 0
1 0
1 0
1 0
1 0
1 0
1 0
1 0
1 0
1 0
1 0
1 0
1 0
1 0
1 0
1 0
1 0
1 0
1 0
1 0
1 0
1 0
1 0
1 0
1 0
1 0
1 0
1 0
1 0
1 0
1 0
1 0
1 0
1 0
1 0
1 0
1 0
1 0
1 0
1 0
1 0
1 0
1 0
1 0
1 0
1 0
1 0
1 0
1 0
1 0
1 0
1 0
1 0
1 0
1 0
1 0
1 0
1 0
1 0
1 0
1 0
1 0
1 0
1 0
1 0
1 0
1 0
1 0
1 0
1 0
1 0
1 0
1 0
1 0
1 0
1 0
1 0
1 0
1 0
1 0
1 0
1 0
1 0
1 0
1 0
1 0
1 0
1 0
1 0
1 0
1 0
1 0
1 0
1 0
1 0
1 0
1 0
1 0
1 0
1 0
1 0
1 0
1 0
1 0
1 0
1 0
1 0
1 0
1 0
1 0
1 0
1 0
1 0
1 0
1 0
1 0
1 0
1 0
1 0
1 0
1 0
1 0
1 0
1 0
1 0
1 0
1 0
1 0
1 0
500 249
1 1
1 1
1 1
1 1
1 1
1 1
1 1
1 1
1 1
1 1
1 1
1 1
1 1
1 1
1 1
1 1
1 1
1 1
1 1
1 1
1 1
1 1
1 1
1 1
1 1
1 1
1 1
1 1
1 1
1 1
1 1
1 1
1 1
1 1
1 1
1 1
1 1
1 1
1 1
1 1
1 1
1 1
1 1
1 1
1 1
1 1
1 1
1 1
1 1
1 1
1 1
1 1
1 1
1 1
1 1
1 1
1 1
1 1
1 1
1 1
1 1
1 1
1 1
1 1
1 1
1 1
1 1
1 1
1 1
1 1
1 1
1 1
1 1
1 1
1 1
1 1
1 1
1 1
1 1
1 1
1 1
1 1
1 1
1 1
1 1
1 1
1 1
1 1
1 1
1 1
1 1
1 1
1 1
1 1
1 1
1 1
1 1
1 1
1 1
1 1
1 1
1 1
1 1
1 1
1 1
1 1
1 1
1 1
1 1
1 1
1 1
1 1
1 1
1 1
1 1
1 1
1 1
1 1
1 1
1 1
1 1
1 1
1 1
1 1
1 1
1 1
1 1
1 1
1 1
1 1
1 1
1 1
1 1
1 1
1 1
1 1
1 1
1 1
1 1
1 1
1 1
1 1
1 1
1 1
1 1
1 1
1 1
1 1
1 1
1 1
1 1
1 1
1 1
1 1
1 1
1 1
1 1
1 1
1 1
1 1
1 1
1 1
1 1
1 1
1 1
1 1
1 1
1 1
1 1
1 1
1 1
1 1
1 1
1 1
1 1
1 1
1 1
1 1
1 1
1 1
1 1
1 1
1 1
1 1
1 1
1 1
1 1
1 1
1 1
1 1
1 1
1 1
1 1
1 1
1 1
1 1
1 1
1 1
1 1
1 1
1 1
1 1
1 1
1 1
1 1
1 1
1 1
1 1
1 1
1 1
1 1
1 1
1 1
1 1
1 1
1 1
1 1
1 1
1 1
1 1
1 1
1 1
1 1
1 1
1 1
1 1
1 1
1 1
1 1
1 1
1 1
1 1
1 1
1 1
1 1
1 1
1 1
1 1
1 1
1 1
1 1
1 1
1 1
1 1
1 1
1 1
1 1
1 1
1 1
1 0
1 0
1 0
1 0
1 0
1 0
1 0
1 0
1 0
1 0
1 0
1 0
1 0
1 0
1 0
1 0
1 0
1 0
1 0
1 0
1 0
1 0
1 0
1 0
1 0
1 0
1 0
1 0
1 0
1 0
1 0
1 0
1 0
1 0
1 0
1 0
1 0
1 0
1 0
1 0
1 0
1 0
1 0
1 0
1 0
1 0
1 0
1 0
1 0
1 0
1 0
1 0
1 0
1 0
1 0
1 0
1 0
1 0
1 0
1 0
1 0
1 0
1 0
1 0
1 0
1 0
1 0
1 0
1 0
1 0
1 0
1 0
1 0
1 0
1 0
1 0
1 0
1 0
1 0
1 0
1 0
1 0
1 0
1 0
1 0
1 0
1 0
1 0
1 0
1 0
1 0
1 0
1 0
1 0
1 0
1 0
1 0
1 0
1 0
1 0
1 0
1 0
1 0
1 0
1 0
1 0
1 0
1 0
1 0
1 0
1 0
1 0
1 0
1 0
1 0
1 0
1 0
1 0
1 0
1 0
1 0
1 0
1 0
1 0
1 0
1 0
1 0
1 0
1 0
1 0
1 0
1 0
1 0
1 0
1 0
1 0
1 0
1 0
1 0
1 0
1 0
1 0
1 0
1 0
1 0
1 0
1 0
1 0
1 0
1 0
1 0
1 0
1 0
1 0
1 0
1 0
1 0
1 0
1 0
1 0
1 0
1 0
1 0
1 0
1 0
1 0
1 0
1 0
1 0
1 0
1 0
1 0
1 0
1 0
1 0
1 0
1 0
1 0
1 0
1 0
1 0
1 0
1 0
1 0
1 0
1 0
1 0
1 0
1 0
1 0
1 0
1 0
1 0
1 0
1 0
1 0
1 0
1 0
1 0
1 0
1 0
1 0
1 0
1 0
1 0
1 0
1 0
1 0
1 0
1 0
1 0
1 0
1 0
1 0
1 0
1 0
1 0
1 0
1 0
1 0
1 0
1 0
1 0
1 0
1 0
1 0
1 0
1 0
1 0
1 0
1 0
1 0
1 0
1 0
1 0
1 0
1 0
1 0
1 0
1 0
1 0
1 0
1 0
1 0
1 0
1 0
1 0
1 0
1 0
1 0
1 0
500 250
8 1
6 0
3 1
8 0
5 1
6 0
3 1
5 0
4 1
7 0
6 1
4 0
1 1
1 0
3 1
1 0
7 1
5 0
4 1
4 0
8 1
4 0
7 1
4 0
5 1
3 0
4 1
2 0
3 1
1 0
7 1
6 0
3 1
4 0
5 1
8 0
5 1
2 0
6 1
6 0
8 1
4 0
5 1
8 0
3 1
6 0
4 1
4 0
4 1
7 0
2 1
4 0
4 1
7 0
1 1
5 0
1 1
1 0
8 1
1 0
1 1
2 0
6 1
7 0
2 1
6 0
6 1
3 0
6 1
4 0
6 1
5 0
6 1
3 0
5 1
2 0
1 1
7 0
5 1
2 0
6 1
8 0
7 1
8 0
1 1
2 0
1 1
3 0
6 1
2 0
1 1
3 0
8 1
7 0
8 1
2 0
2 1
4 0
6 1
1 0
4 1
7 0
6 1
6 0
8 1
2 0
4 1
3 0
7 1
5 0
7 1
6 0
4 1
5 0
3 1
8 0
5 1
2 0
2 1
7 0
4 1
6 0
8 1
3 0
3 1
8 0
2 1
1 0
6 1
4 0
1 1
8 0
4 1
5 0
7 1
5 0
8 1
1 0
3 1
6 0
5 1
5 0
8 1
5 0
6 1
3 0
3 1
1 0
8 1
2 0
7 1
5 0
1 1
2 0
3 1
6 0
7 1
6 0
3 1
8 0
5 1
7 0
5 1
5 0
2 1
5 0
4 1
8 0
7 1
2 0
1 1
2 0
8 1
7 0
2 1
7 0
3 1
1 0
1 1
3 0
3 1
1 0
4 1
7 0
6 1
1 0
2 1
4 0
5 1
1 0
5 1
6 0
2 1
2 0
4 1
5 0
7 1
1 0
1 1
2 0
5 1
2 0
8 1
4 0
1 1
8 0
4 1
7 0
8 1
3 0
6 1
6 0
3 1
3 0
6 1
4 0
6 1
6 0
6 1
5 0
8 1
4 0
1 1
7 0
1 1
4 0
8 1
4 0
6 1
4 0
2 1
2 0
1 1
7 0
2 1
6 0
8 1
5 0
7 1
4 0
1 1
5 0
3 1
7 0
6 1
8 0
6 1
2 0
6 1
1 0
2 1
6 0
8 1
6 0
4 1
6 0
5 1
7 0
1 1
1 0
7 1
4 0
1 1
3 0
2 1
8 0
5 1
4 0
1 1
6 0
5 1
1 0
2 1
3 0
7 1
8 0
8 1
8 0
7 1
2 0
5 1
3 0
3 1
1 0
5 1
6 0
2 1
7 0
2 1
5 0
2 1
1 0
3 1
8 0
4 1
3 0
5 1
6 0
1 1
4 0
3 1
8 0
1 1
6 0
5 1
2 0
2 1
4 0
4 1
2 0
6 1
6 0
5 1
7 0
5 1
2 0
4 1
6 0
8 1
3 0
3 1
5 0
3 1
7 0
8 1
3 0
1 1
1 0
8 1
7 0
8 1
2 0
7 1
1 0
3 1
4 0
2 1
7 0
2 1
1 0
2 1
8 0
8 1
1 0
5 1
8 0
7 1
1 0
2 1
7 0
4 1
6 0
6 1
8 0
2 1
8 0
3 1
7 0
2 1
5 0
1 1
2 0
5 1
7 0
1 1
1 0
7 1
3 0
2 1
8 0
2 1
8 0
3 1
1 0
4 1
1 0
6 1
8 0
2 1
6 0
4 1
4 0
1 1
2 0
8 1
1 0
6 1
5 0
2 1
5 0
8 1
3 0
1 1
6 0
2 1
6 0
1 1
2 0
8 1
1 0
7 1
5 0
3 1
3 0
1 1
7 0
3 1
5 0
5 1
3 0
5 1
2 0
1 1
8 0
1 1
6 0
1 1
7 0
2 1
1 0
3 1
8 0
5 1
2 0
5 1
3 0
5 1
5 0
2 1
7 0
4 1
3 0
6 1
4 0
3 1
3 0
8 1
1 0
6 1
7 0
4 1
8 0
8 1
1 0
1 1
1 0
4 1
7 0
8 1
2 0
6 1
1 0
5 1
8 0
5 1
5 0
8 1
1 0
3 1
1 0
3 1
6 0
4 1
2 0
4 1
2 0
6 1
8 0
4 1
2 0
8 1
5 0
1 1
4 0
7 1
1 0
4 1
1 0
8 1
8 0
2 1
3 0
2 1
6 0
1 1
5 0
2 1
8 0
3 1
2 0
2 1
1 0
3 1
8 0
1 1
5 0
2 1
4 0
4 1
2 0
500 0
1 0
2 1
3 0
4 1
5 0
6 1
7 0
8 1
9 0
10 1
11 0
12 1
13 0
14 1
15 0
16 1
17 0
18 1
19 0
20 1
21 0
22 1
23 0
24 1
25 0
26 1
27 0
28 1
29 0
30 1
31 0
32 1
33 0
34 1
35 0
36 1
37 0
38 1
39 0
40 1
41 0
42 1
43 0
44 1
45 0
46 1
47 0
48 1
49 0
50 1
51 0
52 1
53 0
54 1
55 0
56 1
57 0
58 1
59 0
60 1
61 0
62 1
63 0
64 1
65 0
66 1
67 0
68 1
69 0
70 1
71 0
72 1
73 0
74 1
75 0
76 1
77 0
78 1
79 0
80 1
81 0
82 1
83 0
84 1
85 0
86 1
87 0
88 1
89 0
90 1
91 0
92 1
93 0
94 1
95 0
96 1
97 0
98 1
99 0
100 1
101 0
102 1
103 0
104 1
105 0
106 1
107 0
108 1
109 0
110 1
111 0
112 1
113 0
114 1
115 0
116 1
117 0
118 1
119 0
120 1
121 0
122 1
123 0
124 1
125 0
126 1
127 0
128 1
129 0
130 1
131 0
132 1
133 0
134 1
135 0
136 1
137 0
138 1
139 0
140 1
141 0
142 1
143 0
144 1
145 0
146 1
147 0
148 1
149 0
150 1
151 0
152 1
153 0
154 1
155 0
156 1
157 0
158 1
159 0
160 1
161 0
162 1
163 0
164 1
165 0
166 1
167 0
168 1
169 0
170 1
171 0
172 1
173 0
174 1
175 0
176 1
177 0
178 1
179 0
180 1
181 0
182 1
183 0
184 1
185 0
186 1
187 0
188 1
189 0
190 1
191 0
192 1
193 0
194 1
195 0
196 1
197 0
198 1
199 0
200 1
201 0
202 1
203 0
204 1
205 0
206 1
207 0
208 1
209 0
210 1
211 0
212 1
213 0
214 1
215 0
216 1
217 0
218 1
219 0
220 1
221 0
222 1
223 0
224 1
225 0
226 1
227 0
228 1
229 0
230 1
231 0
232 1
233 0
234 1
235 0
236 1
237 0
238 1
239 0
240 1
241 0
242 1
243 0
244 1
245 0
246 1
247 0
248 1
249 0
250 1
251 0
252 1
253 0
254 1
255 0
256 1
257 0
258 1
259 0
260 1
261 0
262 1
263 0
264 1
265 0
266 1
267 0
268 1
269 0
270 1
271 0
272 1
273 0
274 1
275 0
276 1
277 0
278 1
279 0
280 1
281 0
282 1
283 0
284 1
285 0
286 1
287 0
288 1
289 0
290 1
291 0
292 1
293 0
294 1
295 0
296 1
297 0
298 1
299 0
300 1
301 0
302 1
303 0
304 1
305 0
306 1
307 0
308 1
309 0
310 1
311 0
312 1
313 0
314 1
315 0
316 1
317 0
318 1
319 0
320 1
321 0
322 1
323 0
324 1
325 0
326 1
327 0
328 1
329 0
330 1
331 0
332 1
333 0
334 1
335 0
336 1
337 0
338 1
339 0
340 1
341 0
342 1
343 0
344 1
345 0
346 1
347 0
348 1
349 0
350 1
351 0
352 1
353 0
354 1
355 0
356 1
357 0
358 1
359 0
360 1
361 0
362 1
363 0
364 1
365 0
366 1
367 0
368 1
369 0
370 1
371 0
372 1
373 0
374 1
375 0
376 1
377 0
378 1
379 0
380 1
381 0
382 1
383 0
384 1
385 0
386 1
387 0
388 1
389 0
390 1
391 0
392 1
393 0
394 1
395 0
396 1
397 0
398 1
399 0
400 1
401 0
402 1
403 0
404 1
405 0
406 1
407 0
408 1
409 0
410 1
411 0
412 1
413 0
414 1
415 0
416 1
417 0
418 1
419 0
420 1
421 0
422 1
423 0
424 1
425 0
426 1
427 0
428 1
429 0
430 1
431 0
432 1
433 0
434 1
435 0
436 1
437 0
438 1
439 0
440 1
441 0
442 1
443 0
444 1
445 0
446 1
447 0
448 1
449 0
450 1
451 0
452 1
453 0
454 1
455 0
456 1
457 0
458 1
459 0
460 1
461 0
462 1
463 0
464 1
465 0
466 1
467 0
468 1
469 0
470 1
471 0
472 1
473 0
474 1
475 0
476 1
477 0
478 1
479 0
480 1
481 0
482 1
483 0
484 1
485 0
486 1
487 0
488 1
489 0
490 1
491 0
492 1
493 0
494 1
495 0
496 1
497 0
498 1
499 0
500 1
500 150
12 0
25 1
48 0
34 1
8 1
3 0
14 1
34 0
50 1
20 1
14 1
11 0
9 0
40 0
43 1
13 1
35 0
23 1
29 1
24 1
32 0
13 0
29 1
11 1
44 0
9 1
23 1
1 1
40 1
4 0
24 0
2 1
14 0
7 1
30 1
15 0
37 1
9 0
16 1
30 0
26 0
34 1
25 1
27 1
13 0
20 1
38 1
32 1
10 0
11 0
42 0
28 1
43 1
16 0
19 1
34 1
24 1
18 0
18 1
3 0
49 1
37 0
22 0
30 0
11 1
44 0
45 0
14 1
7 0
5 0
1 1
20 0
49 1
4 1
20 0
1 1
11 1
14 0
22 1
1 1
3 0
36 0
12 1
42 0
39 1
26 1
49 0
16 0
13 1
19 1
10 1
23 1
48 1
27 1
45 1
41 0
30 1
19 0
47 1
32 1
22 0
22 0
30 0
8 1
17 0
41 0
33 0
42 1
17 0
35 1
43 1
10 0
12 1
23 0
19 1
3 1
43 0
30 1
38 1
42 0
25 1
34 0
23 1
49 1
34 1
36 0
48 0
41 1
17 1
39 1
48 1
15 1
11 1
30 0
25 0
47 1
17 0
24 0
42 1
36 0
14 0
38 0
4 1
33 1
22 0
45 1
22 1
18 0
20 0
14 0
12 1
16 0
43 0
22 1
14 0
26 0
26 1
17 0
27 1
30 1
7 1
26 0
11 0
4 1
26 1
42 1
32 0
13 1
29 1
9 1
6 1
27 0
16 0
48 0
14 0
44 1
8 0
1 0
29 1
5 0
21 1
18 0
31 1
25 1
46 1
28 0
9 0
25 1
33 0
30 0
18 1
15 0
24 1
27 1
26 1
48 1
6 1
1 1
38 0
44 1
25 1
50 1
9 0
18 1
33 1
50 1
27 1
48 0
30 1
2 1
36 1
5 1
11 0
10 1
5 1
35 0
22 1
24 1
50 1
44 1
8 0
17 1
20 1
24 1
41 1
19 0
21 0
6 0
37 0
32 1
32 1
36 0
47 1
14 0
31 1
31 0
10 0
34 1
31 1
49 0
43 0
32 1
40 1
8 0
5 1
4 1
12 0
34 0
18 1
21 1
12 0
16 1
42 1
14 1
24 0
39 1
20 1
26 1
12 0
38 1
20 0
39 0
2 0
27 0
43 1
39 0
21 1
39 1
23 0
42 1
47 1
23 0
31 0
15 1
24 1
48 0
40 1
19 1
6 1
2 1
1 1
42 0
29 1
37 0
38 1
1 0
49 0
42 1
24 1
21 1
33 1
29 0
19 1
42 0
42 0
5 0
39 0
47 1
20 0
31 0
29 0
43 1
50 0
28 0
24 0
10 0
16 0
31 0
43 1
9 0
30 1
50 0
15 1
39 0
47 0
32 1
47 1
22 0
21 1
5 0
7 0
5 0
40 1
21 1
41 0
25 0
31 1
3 1
41 1
38 1
30 1
3 1
17 0
50 1
42 1
34 0
7 0
50 0
22 1
18 0
3 0
6 1
31 1
20 1
12 1
37 1
31 0
29 0
16 1
39 1
10 1
8 0
23 1
14 0
30 1
16 0
38 1
33 1
22 1
15 0
9 0
42 0
5 1
20 1
8 0
1 1
3 0
20 1
26 0
14 0
13 0
35 0
29 0
23 1
5 1
46 1
14 0
27 0
50 1
2 1
1 1
23 1
7 1
10 0
6 0
45 1
11 0
30 1
7 1
4 0
22 1
49 0
41 1
25 0
18 1
11 1
18 1
9 0
36 1
50 1
44 0
13 1
23 0
44 1
4 1
6 1
14 0
2 1
3 1
13 0
6 0
8 1
39 0
11 1
3 1
35 1
36 1
27 0
25 0
38 1
11 0
28 0
9 1
45 1
19 0
9 0
19 1
29 0
3 1
23 1
38 1
14 0
37 0
29 0
15 1
3 0
46 0
32 1
42 1
44 1
46 0
28 1
17 1
19 1
50 1
16 1
38 0
3 1
11 0
49 1
4 1
12 1
49 1
14 0
9 1
43 1
41 1
32 0
49 1
1 0
22 1
16 1
26 0
10 1
13 1
25 1
27 0
26 0
46 1
21 0
25 1
29 0
42 0
7 1
14 0
32 0
33 0
45 0
10 1
43 1
9 1
39 0
5 0
24 0
38 0
8 1
43 0
6 1
3 1
19 0
7 0
42 1
48 1
38 1
34 1
18 0
34 1
34 1
39 1
14 0
500 149
125 1
141 1
370 0
144 1
121 1
402 1
230 1
121 1
152 1
224 1
352 1
243 0
361 1
353 0
431 1
146 0
16 0
415 1
119 0
411 0
264 1
226 1
458 0
44 0
21 1
496 0
360 0
333 0
480 1
71 0
476 1
339 1
411 1
261 1
7 1
47 0
264 0
20 1
450 0
95 0
314 0
398 1
12 0
153 1
407 0
310 1
26 1
281 1
125 1
181 1
61 1
37 1
68 0
322 1
479 1
84 1
469 0
361 1
273 1
468 1
106 1
307 0
303 1
257 1
326 1
331 0
405 1
187 0
356 0
118 0
135 1
497 1
263 0
21 0
417 0
376 0
20 0
220 0
70 0
434 1
297 0
366 1
450 1
118 1
442 0
132 0
138 1
89 1
238 1
152 0
328 1
141 1
16 0
258 1
57 0
299 0
421 1
139 0
340 0
145 1
143 0
134 0
4 0
457 0
451 1
460 0
42 1
67 0
383 0
476 1
220 1
440 1
287 1
315 0
102 1
391 0
218 1
374 1
464 0
267 1
17 0
378 0
218 1
225 1
348 1
222 1
76 0
213 0
305 1
364 0
41 1
100 1
259 1
466 0
238 1
255 1
68 0
307 1
219 0
206 1
230 0
194 1
103 1
93 0
347 1
488 0
402 1
267 0
332 1
238 0
109 0
430 1
450 0
426 1
473 1
138 1
357 1
322 0
137 0
431 1
341 1
295 0
126 1
168 0
442 0
284 1
453 1
429 1
79 1
295 1
100 1
165 1
24 1
414 0
305 0
235 1
262 1
460 0
104 0
390 1
108 1
74 1
196 1
438 0
159 1
49 1
391 1
490 1
418 0
165 1
287 1
481 1
9 1
199 1
433 0
233 1
169 1
198 1
184 1
382 0
170 1
384 1
253 0
85 1
96 0
360 1
187 1
379 1
3 0
147 1
226 1
465 0
110 1
412 1
42 1
198 0
438 1
34 1
323 1
409 1
121 1
133 0
359 1
138 0
402 0
49 1
192 0
212 1
68 0
94 1
500 0
141 0
484 0
13 0
399 0
436 0
280 1
105 1
400 1
389 1
294 0
322 0
411 0
119 1
237 0
34 1
239 1
287 0
35 1
202 1
365 1
261 0
184 0
377 1
353 1
103 1
287 1
197 1
189 1
200 1
351 1
30 1
100 0
155 1
354 1
286 1
368 0
121 0
174 1
31 1
421 0
332 0
240 0
337 1
271 0
316 0
355 0
342 1
391 0
217 1
365 0
88 1
189 1
236 1
269 1
228 1
440 0
248 0
309 0
289 1
31 1
165 0
162 1
337 1
177 1
251 0
19 0
413 1
430 1
193 0
355 0
259 0
422 1
289 1
360 1
155 1
226 0
288 1
254 1
39 1
101 1
120 1
304 1
121 1
179 0
49 1
182 1
452 1
137 0
149 1
459 1
364 0
343 0
228 0
17 1
182 1
187 0
231 0
408 1
427 1
464 1
70 1
276 1
221 1
286 0
33 1
359 0
205 1
352 1
88 0
151 1
229 0
465 1
395 0
313 1
261 0
120 1
105 1
164 1
124 1
4 0
246 0
313 1
64 0
219 1
371 0
196 1
407 0
234 0
157 1
91 1
26 0
206 0
271 1
215 1
50 0
446 1
478 0
484 0
94 1
26 1
271 1
426 1
303 1
261 0
255 1
251 0
39 0
18 0
394 0
143 1
320 0
161 1
490 0
320 1
425 0
457 1
153 1
374 0
403 0
33 1
302 1
247 1
386 1
252 1
288 1
257 1
208 1
158 1
192 0
360 1
239 1
243 1
201 1
487 1
295 1
395 0
288 0
414 0
415 0
151 1
202 0
31 1
192 1
331 1
490 0
331 0
104 0
43 0
227 0
61 1
122 0
117 0
234 1
69 1
274 1
335 0
142 0
21 0
85 1
358 1
65 0
486 1
207 0
418 0
431 1
378 1
148 0
351 1
382 1
263 0
442 1
38 1
28 1
492 0
424 1
238 1
478 0
391 0
77 1
423 0
451 0
179 1
423 1
433 0
1 0
304 1
23 0
189 0
208 0
181 1
439 0
365 1
67 0
98 1
123 1
69 0
16 1
123 1
326 1
139 1
1 1
18 1
188 0
175 0
97 0
489 1
152 0
312 1
69 0
27 0
3 0
80 0
372 0
494 1
16 1
278 1
366 0
209 1
181 1
252 1
142 0
176 1
108 0
443 0
491 1
85 0
194 0
323 1
184 0
500 2
4 1
1 1
2 1
4 1
3 1
3 1
3 1
2 1
2 1
4 1
1 1
3 1
2 1
1 1
5 1
2 1
3 1
4 1
5 1
2 1
5 1
2 1
2 1
2 1
3 1
1 1
3 1
1 1
4 1
4 1
3 1
3 1
5 1
3 1
1 1
4 1
3 1
3 1
1 1
1 1
3 1
3 1
2 1
1 1
1 1
5 1
1 1
3 1
3 1
2 1
5 1
1 1
2 1
1 1
1 1
1 1
5 1
1 1
3 1
1 1
5 1
3 1
2 1
1 1
5 1
3 1
4 1
2 1
3 1
2 1
1 1
4 1
5 1
3 1
4 1
2 1
1 1
1 1
5 1
3 1
4 1
1 1
3 1
5 1
4 1
3 1
5 1
5 1
1 1
4 1
3 1
2 1
3 1
3 1
3 1
3 1
1 1
3 1
5 1
3 1
2 1
1 1
2 1
4 1
3 1
1 1
5 1
3 1
4 1
2 1
2 1
1 1
2 1
2 1
2 1
3 1
3 1
1 1
3 1
5 1
3 1
5 1
2 1
5 1
1 1
4 1
1 1
3 1
2 1
4 1
4 1
1 1
2 1
4 1
4 1
2 1
1 1
3 1
1 1
3 1
5 1
4 1
3 1
4 1
4 1
4 1
1 1
3 1
3 1
1 1
5 1
2 1
3 1
2 1
1 1
3 1
3 1
2 1
2 1
2 1
2 1
1 1
2 1
5 1
1 1
2 1
1 1
1 1
5 1
1 1
1 1
2 1
2 1
1 1
3 1
1 1
5 1
4 1
1 1
5 1
3 1
1 1
5 1
5 1
2 1
4 1
2 1
3 1
4 1
3 1
5 1
1 1
4 1
5 1
2 1
3 1
4 1
3 1
2 1
5 1
4 1
5 1
1 1
4 1
4 1
3 1
3 1
4 1
3 1
4 1
3 1
2 1
4 1
4 1
4 1
1 1
1 1
1 1
5 1
4 1
1 1
2 1
4 1
2 1
2 1
3 1
3 1
3 1
4 1
3 1
2 1
1 1
3 1
4 1
2 1
2 1
3 1
4 1
1 1
3 1
5 1
4 1
5 1
3 1
1 1
4 1
5 1
5 1
2 1
1 1
2 1
3 1
3 1
5 1
4 1
2 1
5 1
5 1
1 1
4 1
4 1
4 1
2 1
2 1
1 1
1 1
2 1
1 1
4 1
2 1
3 1
4 1
5 1
4 1
4 1
5 1
5 1
2 1
3 1
2 1
2 1
4 1
3 1
3 1
3 1
3 1
2 1
3 1
5 1
4 1
1 1
2 1
3 1
1 1
4 1
2 1
1 1
2 1
1 1
1 1
5 1
1 1
1 1
4 1
1 1
5 1
3 1
2 1
1 1
5 1
3 1
2 1
5 1
4 1
4 1
3 1
1 1
2 1
4 1
2 1
4 1
3 1
2 1
3 1
2 1
3 1
5 1
3 1
3 1
5 1
2 1
4 1
1 1
3 1
2 1
1 1
1 1
4 1
1 1
2 1
5 1
4 1
1 1
1 1
3 1
1 1
1 1
2 1
5 1
1 1
1 1
1 1
2 1
1 1
2 1
2 1
2 1
5 1
3 1
3 1
5 1
2 1
3 1
3 1
2 1
1 1
4 1
5 1
5 1
1 1
5 1
5 1
3 1
5 1
2 1
2 1
2 1
2 1
2 1
3 1
5 1
2 1
3 1
1 1
1 1
5 1
3 1
3 1
5 1
4 1
1 1
3 1
1 1
1 1
4 1
1 1
5 1
1 0
5 1
4 1
3 1
4 1
3 1
5 1
5 1
4 1
3 1
5 1
4 1
2 1
5 1
2 1
3 1
2 1
1 1
5 1
4 1
4 1
4 1
4 1
3 1
5 1
5 1
5 1
5 1
5 1
3 1
2 1
2 1
3 1
2 1
1 1
4 1
2 1
1 1
1 1
2 1
2 1
1 1
5 1
4 0
3 1
3 1
2 1
4 1
4 1
5 1
2 1
5 1
2 1
4 1
5 1
5 1
4 1
2 1
1 1
3 1
5 1
4 1
1 1
1 1
3 1
2 1
3 1
1 1
1 1
1 1
5 0
5 1
5 1
3 1
4 1
2 1
2 1
3 1
2 1
2 1
3 1
4 1
5 1
2 1
5 1
3 1
2 1
3 1
1 1
3 1
5 1
4 1
2 1
3 1
2 1
2 1
4 1
4 1
3 1
5 1
2 1
5 1
3 1
495 170
7 1
3 0
6 1
10 0
2 0
6 1
2 0
5 0
5 1
10 0
6 0
5 1
5 1
5 1
9 1
5 0
1 0
2 1
8 1
6 1
5 1
6 1
8 0
3 0
10 0
4 0
8 0
1 1
4 0
4 0
7 1
4 0
6 1
6 0
7 0
5 1
5 1
9 0
7 1
10 0
9 0
3 1
8 1
10 0
1 0
10 0
6 1
6 1
10 0
4 0
8 0
6 0
4 0
7 0
8 0
9 1
9 1
1 0
9 1
4 0
1 0
10 1
7 0
2 0
3 0
8 0
6 1
8 0
6 0
7 1
1 1
4 1
3 0
6 0
10 1
4 0
8 0
6 1
4 0
6 1
3 1
9 0
4 1
8 0
5 0
5 0
9 0
3 0
10 0
8 0
4 1
7 0
2 0
9 0
8 1
2 1
6 1
1 0
10 1
1 1
10 0
3 1
4 0
9 0
6 0
5 0
3 0
5 0
5 1
6 0
1 1
9 0
9 0
4 0
9 0
3 1
4 1
10 0
9 0
3 0
5 0
1 1
5 1
9 1
7 1
4 1
7 0
1 0
6 0
2 0
1 0
9 0
9 0
8 0
6 1
2 0
7 0
9 0
8 1
1 1
6 1
10 1
9 0
1 1
10 1
2 0
4 0
7 0
5 1
8 1
10 0
8 1
5 0
4 0
9 0
10 0
6 1
10 0
1 0
5 1
2 1
2 0
8 0
1 1
3 0
4 0
1 0
7 1
5 1
7 1
2 1
5 1
7 1
6 1
3 0
2 1
6 1
3 1
8 0
9 0
5 1
3 0
9 0
4 0
9 1
7 0
3 0
8 1
4 1
7 0
4 0
6 0
10 0
9 0
8 1
8 0
5 0
5 1
10 0
3 1
8 0
4 0
10 0
10 0
9 1
10 0
6 0
1 0
6 0
9 1
7 0
4 1
4 1
1 0
2 0
8 0
1 0
9 1
8 0
2 1
1 1
3 1
1 1
9 1
7 1
7 0
2 1
2 0
9 1
4 0
7 0
2 0
1 1
7 0
2 0
9 0
2 1
2 0
2 1
6 0
10 1
2 0
8 0
1 1
8 0
4 0
3 0
10 0
4 1
1 0
9 0
1 0
9 1
7 0
1 1
2 0
1 1
9 0
3 1
4 0
6 0
2 0
2 0
2 0
1 1
1 0
3 0
2 0
2 0
10 1
6 0
4 0
2 0
3 1
8 0
7 0
10 0
1 0
8 1
2 0
7 0
1 1
2 1
10 0
8 1
10 1
6 0
10 0
7 0
1 1
7 1
10 1
6 0
7 1
1 0
5 1
2 1
2 1
4 0
4 1
6 0
9 1
8 1
5 0
1 0
9 1
6 0
5 1
8 0
6 1
5 0
10 1
7 1
1 0
6 0
2 0
1 0
4 0
10 0
5 0
1 0
7 1
3 0
3 0
1 0
5 1
6 1
10 0
7 1
3 1
6 1
5 1
4 0
8 1
7 0
6 0
8 1
4 0
3 1
4 0
8 1
8 0
3 0
6 1
1 1
1 1
10 0
3 0
8 0
6 0
9 0
8 1
3 1
6 0
10 1
5 1
6 0
2 0
4 1
10 0
2 0
10 0
6 0
3 0
8 1
8 1
5 0
5 0
1 0
6 0
6 0
3 0
9 0
6 0
6 0
8 1
9 0
6 0
1 0
3 1
1 0
7 1
9 1
3 0
3 0
5 1
3 0
3 0
2 0
10 0
7 0
4 1
8 0
1 1
4 1
9 0
9 1
5 0
7 0
2 0
9 1
8 0
9 0
9 0
3 0
10 1
8 0
4 0
1 0
5 1
4 0
5 1
1 0
5 1
9 1
2 0
2 0
4 0
1 0
4 0
10 1
9 0
7 0
1 0
5 1
7 0
5 1
5 1
7 1
9 1
2 0
7 1
10 1
2 1
3 0
4 0
6 0
1 1
1 0
2 0
8 1
8 0
2 0
2 0
8 0
8 1
9 0
9 1
9 0
3 0
2 1
9 0
5 0
10 1
10 1
7 0
5 0
2 0
10 0
5 1
4 0
6 0
10 0
10 0
7 0
2 0
3 0
9 0
8 0
5 0
7 0
6 0
5 1
2 1
7 1
1 0
8 1
3 0
5 1
4 0
7 0
3 1
5 0
1 0
2 1
4 1
4 0
6 0
4 0
4 0
10 0
6 0
2 1
1 0
1 1
492 105
20 1
16 0
13 0
10 0
8 0
6 1
7 0
18 0
11 1
4 0
13 0
17 0
1 1
8 0
20 1
3 0
12 0
16 1
7 0
8 0
8 0
18 0
9 0
3 1
14 0
9 0
14 0
15 0
4 0
12 0
9 0
1 0
7 1
9 1
9 0
3 0
9 0
11 1
15 0
6 1
18 0
5 0
12 1
19 0
19 0
3 1
12 0
18 0
7 0
12 0
3 0
3 1
6 0
2 0
19 0
19 0
20 1
10 1
7 1
13 0
18 0
11 1
12 1
11 1
8 1
10 0
7 1
15 1
11 0
13 0
3 1
6 0
5 0
1 1
4 0
19 0
20 0
18 0
4 1
6 0
5 0
1 0
14 0
20 1
11 0
1 0
1 0
19 0
3 0
12 0
16 0
2 0
2 1
1 0
16 1
16 0
13 1
3 0
18 0
19 0
13 0
4 1
4 0
4 0
12 0
4 0
16 0
5 0
1 0
2 0
12 0
18 0
17 0
9 0
8 0
2 0
18 1
16 0
1 0
14 0
17 0
7 0
3 0
17 0
15 1
14 0
11 0
6 0
12 1
20 0
3 0
10 0
8 0
18 0
19 1
3 0
7 0
6 0
20 0
19 0
1 0
19 0
1 0
6 0
20 0
10 0
3 0
10 0
19 0
19 0
17 0
4 0
20 1
15 1
8 0
5 1
1 1
1 1
16 0
15 0
15 0
13 0
10 0
14 0
11 0
8 0
11 0
11 0
6 1
19 0
6 0
19 1
13 0
20 1
9 1
11 1
19 0
18 0
13 0
20 1
19 0
9 0
4 1
6 0
17 1
16 0
5 1
17 1
5 0
15 1
11 1
14 0
19 0
2 0
2 0
9 1
19 0
5 0
16 0
9 0
17 0
19 1
16 0
7 0
4 0
1 0
18 1
20 0
20 1
16 0
6 0
20 0
5 0
6 0
2 0
18 0
13 0
6 0
7 0
6 0
14 0
3 0
20 0
8 0
8 0
16 1
12 0
8 0
19 0
10 1
6 0
16 0
8 0
6 0
7 0
4 1
14 1
11 0
10 0
9 1
12 1
3 1
15 0
17 0
18 0
3 0
15 1
19 0
2 0
13 0
9 0
16 0
9 0
10 0
16 0
16 0
14 0
9 0
16 1
15 0
3 0
10 0
1 0
4 0
18 1
17 0
6 0
1 0
20 0
6 0
7 0
2 1
15 0
9 1
20 0
20 0
1 0
8 0
16 0
14 0
13 1
13 1
9 0
6 0
17 0
19 0
5 0
10 1
1 1
6 0
13 0
6 1
12 0
7 0
2 0
10 1
9 0
14 0
18 0
13 0
1 0
13 0
16 0
16 0
16 0
9 0
1 0
17 0
10 0
16 0
11 0
16 0
18 0
19 1
4 0
18 0
10 1
11 0
1 0
14 0
13 0
11 0
16 0
16 0
1 0
13 0
19 1
20 1
15 0
10 0
3 0
11 1
10 0
16 0
14 1
10 0
13 0
11 0
13 0
16 0
10 1
12 0
14 0
6 0
13 0
1 1
10 0
10 1
5 0
10 0
15 0
17 0
5 0
17 1
8 0
19 0
18 0
17 0
2 0
8 0
6 0
9 0
12 0
16 0
18 0
9 0
19 0
20 0
13 0
11 0
17 0
17 0
4 0
3 0
20 0
8 0
17 0
8 1
18 0
7 0
9 0
19 0
3 0
9 1
7 0
14 0
11 1
1 0
8 0
10 1
18 0
18 0
16 1
7 0
18 0
8 0
13 0
13 0
1 0
18 0
7 1
16 1
17 1
7 0
17 0
13 0
17 0
20 0
20 0
12 1
17 0
12 0
3 0
18 0
13 0
17 1
6 1
19 0
19 0
18 0
11 0
9 0
11 0
8 0
10 0
9 0
9 1
14 0
8 0
19 0
10 1
17 0
5 0
20 1
4 0
7 1
16 1
20 0
5 0
8 0
1 0
10 0
10 1
19 0
10 0
4 1
1 0
6 0
9 0
5 0
20 0
20 0
9 1
14 0
5 0
12 0
12 0
5 0
12 0
20 0
6 0
12 0
20 0
12 1
13 1
14 0
19 0
9 0
18 0
13 0
16 0
11 0
7 0
20 0
10 1
14 0
6 0
17 0
12 0
10 0
5 0
6 0
11 0
5 0
9 0
16 0
1 0
1 0
14 1
20 0
8 1
12 0
42 4
68 1
36 1
45 1
8 1
12 0
18 1
67 1
37 1
65 1
33 1
57 1
60 1
68 1
50 1
68 0
7 1
29 1
2 1
62 1
3 1
37 1
51 1
11 1
65 1
11 1
37 1
59 1
15 1
68 1
26 1
45 1
62 1
9 0
2 1
44 0
53 1
66 1
54 0
36 1
4 1
44 1
43 1
28 0
12 1
8 1
17 0
17 1
4 1
11 1
13 1
19 0
25 1
14 0
12 1
24 0
22 1
9 0
13 0
14 0
22 1
3 0
12 1
7 0
17 1
1 1
3 0
20 1
9 0
17 0
9 0
4 1
53 11
2 1
25 1
3 0
34 0
29 1
20 0
5 1
27 1
32 0
18 0
18 0
16 1
15 1
23 0
22 1
2 0
32 1
35 1
2 0
6 0
23 1
7 0
29 0
6 1
22 0
1 0
29 0
19 0
1 0
5 0
33 1
19 1
16 1
4 0
20 0
37 1
12 0
34 1
29 0
7 1
22 1
2 1
35 0
16 0
4 0
19 1
3 0
2 0
21 0
25 0
28 1
11 0
33 0
33 9
2 0
2 0
2 1
2 0
2 0
1 1
2 0
1 0
2 0
2 0
1 0
2 1
1 1
2 1
2 0
1 1
2 1
1 1
2 0
1 0
2 0
2 0
2 0
2 1
1 0
1 1
1 1
1 1
1 0
1 1
2 0
1 1
2 0
60 3
18 1
24 1
10 1
12 1
11 1
28 1
28 1
7 1
4 1
9 1
3 1
7 1
8 1
18 1
20 1
25 1
6 1
21 1
7 1
21 1
4 1
4 1
26 1
15 1
25 1
18 1
5 1
16 1
2 1
17 1
12 1
14 1
10 1
4 1
26 0
17 1
12 1
11 1
1 0
6 1
26 1
19 1
27 1
7 1
3 1
13 0
20 1
11 1
13 1
8 1
18 1
5 1
17 1
26 1
10 1
3 1
9 1
20 1
9 1
24 1
97 30
12 1
27 0
30 0
37 1
14 1
14 1
13 0
17 1
26 0
44 0
15 1
46 1
29 1
25 0
22 1
26 1
44 0
39 0
9 1
31 1
2 1
12 1
12 1
17 1
38 0
34 0
40 1
7 0
45 1
35 0
43 1
27 1
29 1
36 1
22 1
28 0
15 0
45 1
5 1
35 0
19 1
39 1
43 1
34 0
29 1
9 1
44 0
30 1
11 1
1 1
41 1
39 1
31 0
5 1
15 0
27 1
38 0
33 1
14 1
45 1
1 0
45 1
44 1
33 1
23 1
27 0
36 0
28 1
27 1
34 0
16 1
4 1
42 1
41 1
23 1
12 1
46 1
22 1
26 1
39 0
10 0
29 1
24 0
37 0
4 1
40 1
30 1
11 0
14 1
19 1
23 1
11 1
25 1
20 1
5 0
25 0
34 1
77 10
5 0
4 0
1 0
7 0
4 0
7 0
2 0
1 0
3 0
2 0
5 0
2 0
6 0
6 0
2 0
7 0
4 0
2 0
1 0
5 0
3 0
5 0
5 0
2 0
2 1
3 0
4 0
6 0
2 0
3 0
5 0
6 0
4 0
7 0
4 0
2 0
4 0
1 0
2 1
2 0
7 0
6 0
2 0
2 0
2 0
2 0
2 0
6 0
7 0
4 0
6 0
5 0
4 0
1 0
4 0
3 0
1 0
4 0
1 0
5 0
3 0
3 0
7 0
1 0
7 0
1 0
5 0
7 0
1 0
3 0
1 0
3 0
6 0
4 0
4 0
1 0
5 0
83 20
14 0
7 1
21 1
5 0
9 1
13 0
26 0
4 1
16 1
22 1
22 1
23 0
24 0
23 0
27 1
24 1
3 1
13 0
9 0
12 0
20 0
16 1
5 0
11 1
14 1
5 0
16 0
26 1
9 1
20 1
18 1
20 1
20 1
24 0
3 0
7 1
4 0
3 0
7 1
5 1
9 1
23 0
8 1
16 0
16 1
21 0
19 1
23 1
16 1
10 0
5 0
15 1
11 1
15 1
25 1
4 0
27 0
23 1
22 0
15 0
8 0
14 1
15 0
19 1
16 0
12 0
23 1
25 0
17 0
17 0
15 0
1 1
26 0
12 1
17 0
7 1
8 1
25 1
17 0
12 1
4 0
17 1
17 1
92 18
2 1
15 1
15 1
6 1
11 1
10 1
13 1
7 1
6 1
22 1
20 1
3 1
1 1
19 1
23 1
11 1
14 1
4 1
22 1
9 1
18 1
22 1
14 1
4 1
12 1
22 1
5 1
4 1
20 1
19 1
19 1
9 1
3 1
4 1
7 1
10 1
13 1
22 1
3 1
15 1
18 1
6 1
16 1
17 1
22 1
4 1
11 1
4 1
11 1
8 1
9 1
18 1
22 1
13 1
10 1
4 1
9 1
4 1
23 1
20 1
10 1
13 1
18 1
18 1
5 1
4 1
18 1
23 1
9 1
3 1
4 1
7 1
12 1
9 1
19 1
7 1
19 1
11 1
10 1
12 1
21 1
1 1
19 1
11 1
3 1
21 1
20 1
10 1
23 1
21 1
8 1
13 1
29 4
1 1
1 0
15 1
7 1
2 0
2 0
1 1
7 1
6 1
2 0
4 0
4 1
13 1
8 0
7 0
16 1
19 1
2 0
2 1
7 0
9 0
18 0
10 0
16 1
9 0
11 0
5 1
8 1
4 1
32 1
3 0
2 1
2 0
4 1
6 1
3 1
6 1
1 1
6 1
2 1
2 1
5 1
6 1
4 0
2 1
4 1
4 1
2 0
5 0
1 0
2 0
2 0
5 0
3 0
2 0
6 1
5 1
6 0
4 0
5 1
4 0
5 1
41 1
35 1
17 1
28 0
22 1
17 1
33 0
25 1
1 1
12 1
4 1
37 0
14 1
13 1
26 0
31 1
4 1
11 0
29 0
5 0
31 1
33 1
19 0
17 1
8 1
35 1
12 1
22 1
8 0
22 0
34 1
23 0
1 0
13 1
9 1
8 1
36 1
2 1
12 1
11 1
4 0
19 0
41 13
1 0
1 1
1 0
1 0
1 0
1 1
1 0
1 0
1 0
1 0
1 0
1 0
1 0
1 0
1 0
1 0
1 0
1 0
1 0
1 0
1 0
1 0
1 0
1 0
1 0
1 0
1 0
1 0
1 0
1 0
1 0
1 0
1 0
1 0
1 0
1 0
1 0
1 0
1 0
1 0
1 0
50 3
3 1
3 0
2 0
1 0
1 0
5 1
2 1
2 0
4 0
5 1
2 1
4 1
3 1
1 1
5 1
5 1
3 0
3 1
3 0
5 0
6 0
2 0
3 0
6 0
1 1
1 1
5 1
2 0
5 1
1 1
6 1
5 0
5 0
3 0
3 1
4 1
5 0
5 0
4 0
6 0
3 1
5 0
6 0
6 1
4 1
4 0
6 1
1 1
4 1
6 0
45 15
1 0
4 0
2 0
3 0
2 1
3 1
5 0
2 0
2 0
6 0
2 1
3 1
3 0
5 0
1 0
4 0
5 0
2 0
1 0
5 0
4 0
3 0
4 0
1 0
4 0
4 0
3 0
5 0
4 0
5 0
5 0
5 0
2 0
1 0
4 0
5 0
4 0
6 0
2 0
2 0
6 0
2 0
1 0
6 0
4 0
67 22
24 1
14 1
17 1
1 1
25 1
12 1
27 1
2 1
3 1
3 0
21 1
11 1
6 1
5 1
20 1
27 0
26 1
27 1
19 1
8 0
10 1
22 1
24 1
24 1
19 1
4 1
13 1
24 0
22 1
23 1
25 1
4 1
15 1
1 0
23 1
11 0
17 1
25 1
24 1
9 1
7 1
13 1
13 1
19 1
21 1
9 1
20 1
18 1
24 1
20 1
19 1
5 1
28 1
26 1
7 0
1 1
23 1
19 1
27 1
23 1
4 1
23 1
21 1
17 1
27 1
7 1
19 1
19 4
13 1
32 1
35 1
22 1
21 1
1 1
30 1
12 1
11 1
3 1
29 1
4 1
35 1
33 1
30 1
14 1
19 1
24 1
8 1
84 18
23 1
54 1
11 0
40 1
35 1
10 0
44 1
35 1
22 0
36 0
32 1
51 0
54 1
27 1
6 1
62 1
27 1
5 1
4 1
14 1
28 1
9 0
6 0
43 1
57 0
50 0
1 1
28 1
62 1
57 1
20 1
62 0
8 1
65 0
34 0
21 1
49 1
6 1
17 0
35 1
37 1
3 1
27 1
11 0
53 0
16 0
47 1
20 1
47 0
38 1
65 1
15 1
3 1
43 1
43 1
60 0
56 1
3 0
55 1
62 0
53 0
13 1
35 1
39 0
39 1
30 1
10 1
35 0
25 1
64 0
2 0
10 1
25 0
21 0
15 0
64 1
23 0
10 0
27 0
44 1
40 0
41 0
25 1
16 1
63 7
22 1
30 0
38 0
4 0
48 0
34 0
47 0
23 0
54 0
18 0
32 0
17 0
8 1
40 1
19 0
2 0
57 0
45 0
20 0
3 0
21 0
30 0
9 0
57 0
36 0
54 0
40 0
20 1
47 0
55 0
10 0
31 0
53 1
44 0
16 0
3 1
16 0
56 1
33 1
30 0
19 0
3 1
45 0
13 0
39 0
37 1
10 0
47 0
5 0
21 0
1 0
45 0
50 0
21 0
48 0
25 0
37 0
20 0
53 0
4 0
25 0
32 0
28 0
30 9
32 0
31 1
71 0
79 1
22 1
50 0
31 0
6 0
35 0
82 1
98 0
64 0
4 1
94 0
96 0
93 0
3 0
8 1
63 1
37 1
48 0
91 1
25 1
47 0
14 1
90 1
63 1
28 0
82 1
10 0
10 4
1 1
1 1
1 1
3 1
3 1
1 0
1 0
2 0
3 0
3 0
33 6
1 0
1 0
1 0
1 0
1 0
1 1
1 1
1 1
1 0
1 0
1 0
1 0
1 0
1 0
1 0
1 0
1 1
1 1
1 1
1 1
1 1
1 1
1 1
1 1
1 0
1 0
1 0
1 1
1 1
1 1
1 1
1 1
1 1
27 4
2 1
34 1
23 0
7 0
33 0
23 1
36 0
24 0
10 0
4 0
32 0
23 1
2 1
17 1
16 1
3 1
17 0
34 0
12 0
15 0
15 0
17 1
17 0
33 0
2 0
13 0
19 0
99 16
17 1
8 0
19 1
2 1
9 1
25 1
15 1
10 1
24 1
24 0
20 0
14 1
24 1
8 1
23 1
8 1
14 0
10 1
7 1
22 1
19 1
5 0
15 1
14 0
5 1
3 1
2 0
25 1
1 1
20 1
2 1
25 1
17 1
26 1
5 1
25 0
4 1
19 1
20 1
6 0
25 1
11 1
14 1
21 0
14 1
2 0
13 1
21 1
5 0
12 1
19 1
24 1
8 1
10 1
8 1
6 1
23 0
12 1
3 1
21 0
26 1
26 1
2 0
7 1
12 1
20 0
6 1
9 1
13 1
11 0
13 1
12 1
10 1
2 0
16 0
25 1
15 1
20 0
26 0
21 1
15 0
8 0
14 1
7 1
10 0
10 0
23 1
21 1
5 1
11 1
16 0
3 1
24 1
15 1
14 1
17 1
15 1
26 1
11 1
22 1
13 1
20 0
44 0
25 0
42 0
56 0
52 0
55 0
2 1
3 0
2 1
46 1
47 1
52 0
56 0
47 0
52 0
23 0
4 0
39 0
26 0
14 0
76 13
21 0
19 0
2 1
35 0
39 1
50 1
40 1
27 1
35 1
42 1
13 0
6 0
8 0
11 1
47 0
43 0
51 1
1 1
43 0
39 1
28 1
27 0
42 1
16 0
2 0
19 0
2 1
9 1
31 1
41 0
23 0
26 0
32 0
39 0
45 0
33 1
30 0
5 1
24 0
9 1
28 0
19 1
26 1
6 1
42 1
44 1
46 0
50 1
16 1
36 0
10 1
28 0
17 0
15 1
35 1
44 0
24 0
34 1
4 0
10 0
32 0
47 1
49 0
19 1
31 1
29 0
26 1
6 0
39 0
13 0
40 0
16 0
17 1
15 1
13 1
16 1
74 9
1 0
37 1
24 0
42 1
28 0
33 0
29 0
2 1
33 0
11 1
7 0
16 0
32 1
47 1
44 1
16 1
17 0
26 1
35 1
24 1
45 0
7 0
48 1
17 0
44 0
19 0
24 1
23 0
25 0
22 1
20 0
1 0
4 1
21 0
47 1
22 0
20 0
11 1
9 1
47 0
31 0
35 0
33 0
11 0
30 0
41 0
28 1
23 1
29 1
2 0
11 0
23 1
11 1
22 1
33 0
22 1
17 1
16 1
20 1
37 1
22 1
31 1
19 1
8 0
39 1
42 1
2 1
48 1
39 1
44 1
4 1
27 0
29 1
1 0
72 16
15 0
17 1
12 0
27 1
6 0
3 1
21 1
2 1
25 1
17 1
40 0
32 1
23 1
24 0
20 1
22 0
22 0
16 0
4 0
14 0
10 0
32 0
26 0
14 0
17 0
13 1
38 1
14 0
35 0
16 1
4 0
35 1
38 1
33 0
21 1
7 0
30 0
35 0
4 1
30 1
3 1
21 0
33 0
30 0
21 0
26 1
19 0
11 0
35 1
23 1
38 1
21 0
8 1
31 1
29 1
8 0
38 1
36 0
26 1
7 1
28 0
36 1
9 1
29 0
3 1
13 1
35 0
9 0
22 0
39 1
30 0
28 0
90 5
58 1
46 0
13 0
17 0
22 1
43 0
43 1
52 1
29 0
43 0
36 1
3 0
10 0
58 0
24 0
33 0
52 1
27 0
53 0
32 0
32 0
24 0
24 0
19 0
2 1
10 0
25 0
32 1
43 0
50 0
42 0
7 1
31 0
3 0
30 0
58 1
40 0
42 0
36 0
21 0
38 0
40 0
29 0
16 0
18 0
34 0
46 0
9 0
44 0
53 1
44 0
33 0
44 0
31 1
40 0
3 0
56 0
19 0
12 0
33 0
39 0
52 0
45 0
4 0
21 0
18 0
21 0
16 0
14 0
48 0
38 1
18 0
39 0
30 0
12 0
24 0
21 0
23 0
26 0
14 0
56 0
9 0
47 0
37 0
25 0
16 0
20 0
53 0
55 0
14 0
78 13
14 0
9 1
2 1
2 1
7 0
12 0
3 1
11 0
5 0
9 0
13 0
7 0
10 0
8 0
11 0
1 0
6 0
11 0
14 0
13 0
1 0
9 0
3 0
3 0
7 0
2 1
5 0
12 0
14 0
14 0
1 0
12 0
1 1
13 0
14 1
14 0
3 1
1 1
14 0
3 1
7 0
3 0
4 1
10 0
6 1
3 1
7 0
4 0
13 1
4 0
3 1
3 0
10 0
10 0
12 0
13 0
10 1
12 0
5 0
1 0
8 0
7 1
13 0
9 1
6 0
4 0
2 0
10 0
1 1
5 0
11 0
11 0
3 1
4 0
5 1
2 0
11 0
9 1
99 16
6 0
50 1
29 1
41 1
45 1
47 0
28 1
43 0
6 1
11 0
15 0
44 0
29 1
41 1
14 1
35 1
11 1
27 1
47 1
38 0
50 0
19 1
14 1
51 1
42 0
52 0
20 0
31 0
38 0
17 0
21 0
20 1
32 1
12 0
28 0
8 0
13 1
14 1
34 1
8 1
2 0
36 0
10 0
4 0
37 0
35 1
12 1
6 1
50 0
49 0
24 1
6 0
25 1
18 1
31 1
52 0
45 0
46 0
6 1
13 1
48 1
24 1
34 1
52 1
4 1
5 0
23 0
29 0
26 0
32 1
41 0
40 1
48 0
14 0
9 0
4 0
3 1
7 0
23 0
3 1
24 0
10 0
25 0
14 1
18 0
6 0
35 0
22 1
42 0
22 1
41 1
46 0
31 0
24 1
45 1
25 0
39 0
7 0
48 1
63 10
25 0
20 0
26 0
19 0
10 1
24 0
23 1
10 1
32 0
37 1
23 0
11 0
11 0
30 0
20 1
20 0
36 1
2 0
7 1
31 0
26 1
34 0
11 0
36 0
2 1
25 1
32 0
23 0
12 0
5 1
26 0
13 0
22 1
30 0
4 0
21 1
33 1
37 1
10 0
2 0
11 0
37 0
16 0
31 0
25 1
15 0
29 1
37 1
27 1
16 0
28 0
27 1
19 1
16 1
31 0
36 0
7 0
16 1
11 0
26 1
17 1
21 0
37 0
43 5
14 0
37 0
23 1
7 0
17 1
22 0
45 1
24 1
10 1
30 0
32 1
42 1
6 1
39 1
51 1
8 1
43 1
33 0
11 1
26 0
8 0
8 0
33 0
8 0
26 0
32 1
29 1
40 1
2 1
12 0
20 0
15 1
10 0
4 0
11 1
15 0
36 0
11 0
28 0
24 1
44 1
7 0
44 0
84 10
26 1
21 1
41 1
7 0
36 0
45 1
45 1
9 0
60 0
25 0
43 1
37 1
16 1
62 1
29 0
60 0
47 0
56 1
41 1
3 0
54 0
19 0
43 1
9 0
54 0
17 1
20 1
12 1
60 1
17 0
26 0
59 1
11 0
1 0
29 0
37 0
16 1
12 0
48 0
27 1
17 0
39 0
30 1
60 0
2 0
17 1
62 1
27 1
51 0
56 1
52 0
41 1
47 1
47 1
1 1
56 0
61 0
51 0
43 0
34 0
23 0
61 1
29 0
6 0
22 0
17 0
2 0
19 1
17 1
54 1
21 0
43 1
37 0
33 0
10 1
51 1
40 1
33 0
45 1
24 0
16 1
50 1
36 1
45 1
72 9
26 1
21 1
43 0
14 0
34 0
39 0
38 1
31 1
10 1
39 0
40 0
41 0
41 1
39 0
38 1
10 0
21 1
28 0
4 0
28 0
13 0
10 1
1 1
11 0
25 1
39 1
11 1
34 0
10 0
15 0
11 1
6 1
32 0
40 0
38 0
43 0
6 0
19 0
40 0
38 0
7 1
12 1
11 0
23 0
1 1
22 1
29 1
45 1
43 0
1 0
39 0
34 0
33 0
6 0
35 0
7 1
4 0
27 0
15 0
43 0
36 0
31 1
16 1
42 0
6 1
28 0
14 1
17 1
26 1
25 1
30 0
7 0
98 10
68 0
55 0
62 0
57 1
51 0
28 0
60 1
70 1
42 0
24 0
53 0
15 0
24 0
54 1
17 0
43 0
23 0
23 0
43 1
26 0
38 0
34 0
23 1
49 0
19 0
39 0
17 1
68 0
57 0
50 0
47 0
32 0
63 0
60 0
58 1
1 0
19 0
61 0
69 0
18 0
17 1
9 0
60 0
52 0
56 0
69 0
5 0
58 0
41 0
51 0
62 0
20 0
58 0
5 1
67 1
40 0
51 0
67 1
8 0
46 0
16 1
9 0
25 1
38 0
57 1
19 0
13 0
4 0
50 0
10 0
1 0
47 0
48 0
10 0
51 0
48 0
19 0
57 0
57 1
56 0
60 0
6 0
9 1
13 0
9 0
35 0
8 0
51 1
39 0
5 0
12 0
25 0
45 0
39 0
35 1
49 0
55 0
15 0
75 12
17 1
28 1
17 1
30 0
26 0
26 0
9 1
16 1
21 1
31 1
23 0
29 1
14 0
1 0
12 1
28 1
1 0
29 1
11 0
9 1
12 1
12 1
27 0
10 0
14 0
8 1
8 1
1 1
8 1
25 1
24 0
20 1
29 1
21 1
16 1
3 1
3 1
2 1
15 1
1 0
29 1
14 1
25 1
23 0
5 1
30 1
25 0
13 0
29 1
1 1
9 0
31 1
13 1
29 0
24 1
21 1
1 0
14 0
15 1
15 0
26 1
12 1
23 1
5 0
31 0
22 1
1 1
19 1
11 1
27 1
16 0
27 0
23 1
13 0
7 0
74 10
15 1
18 0
23 0
20 0
7 1
16 1
5 0
10 1
25 0
21 0
20 0
27 0
24 0
7 1
20 1
14 0
1 1
19 1
10 1
3 0
13 1
27 1
20 0
16 1
30 1
33 1
11 1
17 0
31 0
27 1
22 0
19 0
29 1
29 0
17 1
28 0
32 1
10 1
23 0
8 0
25 1
8 0
13 0
30 1
24 1
12 1
20 0
33 1
25 1
9 0
1 1
7 0
14 0
15 1
30 0
9 0
2 1
5 0
11 0
18 1
26 0
22 1
1 1
33 1
1 0
2 1
10 0
15 1
17 1
21 1
12 1
21 0
19 0
4 0
91 10
12 1
23 1
23 1
34 1
22 1
24 1
40 1
42 0
18 1
27 0
25 1
36 1
43 0
33 0
26 1
59 1
57 1
36 1
42 1
37 0
30 1
37 1
48 1
16 1
58 0
10 0
48 0
35 1
6 1
36 0
11 1
59 1
34 1
50 1
5 0
22 1
38 1
33 0
21 0
21 1
60 1
16 0
51 1
35 1
29 1
20 1
51 1
3 1
22 0
13 1
46 0
16 1
26 1
28 0
7 0
45 1
29 0
25 1
50 1
43 1
48 0
15 1
49 0
42 0
32 0
43 0
13 1
55 1
29 0
49 1
48 1
43 1
5 1
37 1
41 1
14 1
42 0
1 0
12 1
53 1
45 1
5 1
57 0
10 0
31 1
45 1
56 1
35 1
59 1
15 0
3 0
80 5
30 0
22 1
21 1
22 1
33 1
13 0
26 1
16 1
12 1
10 1
25 1
1 1
8 1
19 0
15 1
26 1
23 1
8 1
34 1
21 0
18 1
20 1
1 1
10 1
26 1
4 1
19 1
12 0
9 1
28 1
19 1
6 1
14 0
25 1
13 0
24 1
18 1
14 1
4 1
6 1
28 1
30 1
16 1
3 0
24 0
2 1
22 1
2 1
25 1
32 1
35 1
29 1
17 1
14 1
34 1
4 1
23 1
20 1
15 0
5 1
11 1
29 1
9 1
22 1
18 1
12 1
14 1
35 1
31 1
2 1
35 1
33 1
1 1
25 1
5 1
15 0
3 1
15 1
20 0
24 1
44 7
51 0
31 1
48 1
4 1
41 0
23 1
46 1
36 0
44 0
27 1
42 1
6 0
53 1
8 0
47 0
11 0
13 0
37 0
38 1
25 1
22 1
7 1
43 1
24 0
50 1
37 1
19 0
27 1
44 0
53 1
34 0
54 0
30 1
32 1
26 0
52 1
51 1
34 1
27 0
14 0
24 1
40 0
32 1
4 0
61 10
30 0
49 1
42 1
35 1
7 0
30 0
15 0
23 0
49 1
27 0
34 0
23 0
7 0
45 0
21 0
43 1
1 0
17 1
47 0
6 0
2 1
42 1
1 0
23 0
31 0
26 0
16 0
8 1
2 1
49 0
19 0
9 0
24 0
35 0
49 1
49 0
35 0
33 0
34 1
14 1
4 0
18 0
47 0
22 0
3 0
15 0
29 0
35 0
3 0
18 0
44 1
43 0
48 0
23 0
40 0
35 0
17 0
37 0
22 0
6 0
8 0
74 10
27 1
22 1
9 1
19 1
13 0
23 1
9 1
2 1
18 1
3 1
8 1
6 1
24 0
23 1
23 1
29 1
19 1
3 1
8 0
29 1
10 1
21 1
17 1
25 1
4 1
1 1
7 1
14 1
9 0
23 0
21 1
9 1
13 1
23 1
21 1
3 1
2 1
11 0
8 1
3 1
3 1
1 0
8 1
19 1
17 1
16 1
5 1
13 1
14 1
1 1
6 1
25 1
20 1
14 0
9 1
26 1
13 1
13 1
9 0
11 1
23 1
22 1
19 1
13 1
15 1
16 1
10 1
25 1
23 1
2 0
21 1
26 1
2 1
22 0
48 6
4 1
9 0
9 0
4 0
15 0
14 0
1 0
7 1
9 0
16 1
14 1
1 0
13 0
3 0
9 1
6 0
10 0
7 0
2 1
1 0
16 0
10 0
4 0
5 1
14 0
12 0
11 0
15 0
4 0
11 1
7 0
8 0
10 1
8 0
14 0
2 0
16 0
2 1
7 0
9 0
4 0
1 0
13 0
11 1
12 1
1 0
13 0
7 0
50 8
5 1
1 0
26 1
8 1
16 1
3 0
14 1
25 0
11 0
6 0
2 0
6 0
15 0
9 0
11 0
22 1
5 0
26 1
17 1
16 0
3 1
16 0
21 1
25 0
5 0
22 1
18 1
10 0
10 0
14 0
21 0
18 1
23 0
9 1
3 1
20 1
23 0
13 0
24 0
7 1
23 0
7 0
18 0
26 0
12 0
14 0
20 1
18 1
10 0
21 0
13 2
3 0
11 1
17 0
2 0
5 0
11 1
11 1
2 1
4 1
15 1
1 1
10 0
24 0
49 8
4 0
44 1
12 1
33 1
52 0
33 1
53 1
48 0
45 1
50 0
31 0
19 0
59 0
5 1
46 0
3 1
50 1
53 0
3 1
14 0
34 1
32 1
25 1
2 1
21 0
9 0
9 0
48 1
52 0
41 0
48 0
27 1
23 1
12 0
54 0
60 0
28 1
19 0
50 0
53 1
30 1
53 1
36 1
41 1
6 1
13 0
54 1
9 0
41 0
80 12
26 0
26 0
24 0
14 0
28 1
3 0
24 0
4 1
29 0
32 0
31 0
21 0
14 1
2 0
7 0
31 0
32 0
20 0
32 0
7 0
15 1
26 0
11 0
31 0
29 0
9 0
33 0
32 0
23 0
5 0
32 1
21 0
19 1
20 0
15 0
19 0
33 0
29 0
28 0
8 0
10 1
20 0
19 0
3 1
4 0
14 1
19 0
6 0
25 0
26 0
32 0
18 0
33 0
1 0
3 0
10 0
25 0
18 0
11 0
1 0
6 0
6 0
4 0
29 0
16 0
6 1
33 0
32 0
13 0
19 0
19 1
33 0
26 0
20 1
21 1
13 0
15 0
34 1
4 0
26 0
46 7
3 1
1 0
16 1
18 1
11 1
14 1
18 1
3 1
7 1
13 1
14 0
16 1
10 0
6 0
18 1
2 1
18 1
13 1
15 0
9 1
7 1
18 0
16 1
13 1
1 1
12 1
3 1
4 1
2 0
18 0
8 1
12 1
3 1
2 0
4 1
6 0
14 1
1 1
4 0
8 1
9 1
11 1
8 0
10 1
4 1
7 1
75 11
32 0
18 0
30 1
9 1
8 1
4 0
2 0
3 1
17 1
22 0
5 1
37 1
12 1
14 1
14 0
20 0
26 1
13 1
16 1
9 1
10 1
37 1
6 1
12 0
22 1
1 0
12 1
1 1
2 0
19 1
25 1
2 1
37 1
21 0
2 1
25 0
16 1
38 1
25 1
32 0
36 1
7 1
29 0
23 1
1 1
11 1
11 1
17 0
1 0
33 1
25 1
19 0
11 0
30 1
10 1
26 0
28 1
18 1
29 1
25 1
17 1
38 1
32 1
36 1
31 1
32 1
2 0
11 1
20 1
4 1
22 0
6 0
8 1
32 1
19 1
39 6
27 1
13 0
27 1
8 1
26 1
55 0
45 1
51 0
47 1
44 1
43 0
32 0
6 0
55 0
15 0
27 0
21 0
27 0
19 0
23 0
32 0
20 0
30 1
26 0
1 0
57 0
24 1
22 1
10 0
31 1
48 0
3 1
22 0
2 0
34 0
38 1
4 0
10 0
51 0
97 16
30 0
29 0
22 1
4 0
2 0
34 0
35 0
3 0
40 1
21 0
4 0
14 0
3 0
32 0
27 0
39 0
2 0
28 0
9 1
41 0
6 0
35 1
36 1
9 0
29 0
10 0
10 0
10 1
40 0
26 0
4 0
4 1
1 1
39 0
35 1
40 1
1 0
32 1
12 0
6 0
38 0
10 0
6 0
40 0
6 0
3 1
24 1
21 0
7 0
41 0
15 0
8 1
14 1
19 0
16 0
27 0
36 0
30 0
14 0
18 0
16 0
27 0
41 0
1 0
14 1
2 0
35 0
8 0
8 0
31 0
13 1
2 1
6 0
15 0
29 0
29 1
22 0
41 1
19 0
34 0
40 0
13 0
3 0
10 1
14 0
38 1
38 0
35 0
28 0
4 0
1 0
17 0
39 0
27 0
5 0
17 0
31 0
87 13
55 0
21 0
53 0
1 0
35 0
13 0
49 0
5 1
46 1
16 0
46 0
57 0
9 0
34 0
51 0
20 0
38 0
50 1
24 1
19 1
13 1
55 0
4 1
6 0
23 1
38 0
27 0
34 1
8 0
10 0
56 0
52 0
16 0
44 0
32 0
28 0
31 1
24 0
49 0
8 1
36 0
7 0
34 0
53 1
25 0
40 0
54 0
32 0
56 0
19 0
6 0
21 0
23 0
41 0
40 0
50 0
42 0
45 0
26 0
57 1
40 0
45 0
36 0
10 0
25 0
49 0
20 0
17 0
5 0
57 0
41 0
44 0
47 0
1 0
27 0
46 0
31 0
21 0
47 0
2 0
42 0
48 0
39 0
51 0
26 0
50 0
53 0
26 4
32 0
43 1
2 0
23 1
14 0
34 1
36 0
16 0
3 1
30 0
36 0
13 0
30 1
24 1
41 0
7 0
27 1
35 0
23 0
33 0
30 0
26 1
32 0
7 0
29 0
26 0
73 11
10 1
5 1
10 1
2 1
11 1
1 1
13 1
6 1
8 1
9 0
5 1
7 1
9 1
7 1
2 1
7 0
3 1
11 0
8 1
8 1
7 1
1 1
11 0
13 0
8 1
2 1
9 1
9 1
1 1
4 1
9 1
7 1
10 1
5 0
7 1
8 0
2 1
1 1
12 1
3 1
10 1
13 1
2 1
3 1
3 1
10 1
2 0
11 1
7 1
8 1
1 1
3 1
6 1
1 1
12 1
9 1
12 0
5 1
10 1
4 1
8 1
7 1
3 1
9 1
5 1
1 0
6 1
6 0
4 1
1 1
1 1
7 1
10 1
36 2
21 1
8 1
35 1
35 1
8 1
29 1
33 1
23 0
20 1
7 1
5 1
4 1
19 0
1 0
39 1
30 1
41 1
40 1
1 1
23 1
18 0
31 1
8 1
15 1
37 1
42 0
42 0
11 0
36 1
27 0
8 1
30 1
40 1
32 1
9 1
1 0
77 10
54 0
69 0
50 1
22 1
14 0
48 1
51 0
39 0
36 1
33 1
53 0
39 0
30 1
54 1
7 1
53 1
5 1
30 1
54 0
20 1
55 1
32 0
14 0
28 1
31 0
45 0
56 0
10 0
30 0
70 0
60 0
66 0
19 0
4 0
31 1
57 0
36 0
21 1
38 0
44 0
42 0
8 0
65 0
19 1
3 0
17 0
29 0
28 1
9 0
63 0
26 1
16 1
55 0
4 1
45 1
9 1
13 0
66 0
63 1
15 0
17 0
7 0
1 0
56 0
55 1
30 1
56 0
42 0
7 0
33 0
54 0
2 0
40 0
4 0
35 0
19 0
40 1
32 5
13 0
14 0
1 1
10 1
8 0
10 1
14 0
14 0
2 0
7 0
12 0
14 0
5 0
1 0
11 0
4 1
14 0
14 0
8 0
3 0
11 0
10 0
3 1
9 0
2 1
12 0
6 0
10 0
15 0
4 0
11 0
3 0
54 7
10 1
15 1
3 1
17 1
3 1
11 1
9 1
31 1
1 0
31 1
27 1
19 1
10 1
11 0
12 1
33 1
7 1
18 1
2 1
3 1
2 1
8 0
31 0
26 1
4 0
20 1
24 0
14 0
13 1
23 1
7 1
14 1
22 1
28 1
32 0
5 1
16 1
20 0
30 1
11 1
25 0
27 1
1 0
6 1
32 1
22 0
26 1
33 0
26 1
32 1
32 1
7 1
26 1
5 0
20 3
3 0
4 0
4 0
3 0
1 0
3 0
2 1
2 0
4 0
1 0
3 0
4 1
4 0
3 0
2 1
3 0
3 1
3 0
2 1
1 0
47 5
49 0
39 1
29 0
60 0
11 0
5 0
56 1
40 0
38 1
23 1
47 0
37 1
61 1
33 1
63 0
40 0
31 1
26 0
60 0
57 1
16 0
8 0
46 1
42 0
26 0
33 1
18 1
21 1
15 1
15 1
63 1
53 1
51 0
39 1
25 0
53 1
12 0
2 0
23 0
23 0
47 1
9 1
19 0
6 0
14 1
51 0
49 0
33 4
67 0
45 0
38 0
42 0
45 0
23 0
67 1
6 1
55 0
16 0
12 0
35 1
66 0
66 0
23 0
7 0
47 0
25 0
55 0
35 1
35 0
17 0
9 0
56 0
50 1
43 0
39 0
31 1
33 1
30 0
2 0
37 0
32 0
71 10
54 0
51 1
48 0
21 0
51 1
14 1
51 0
32 0
57 0
14 0
47 0
2 0
19 1
47 0
42 0
36 0
44 0
42 0
39 0
52 1
11 1
54 0
19 0
41 0
57 1
35 0
57 1
17 1
57 0
1 0
29 0
19 1
43 0
36 0
54 0
17 0
37 1
8 1
7 0
25 0
30 0
43 0
50 0
6 0
56 0
17 0
23 1
50 1
29 0
57 0
15 0
32 0
10 0
63 0
5 0
48 0
21 0
11 0
47 0
14 0
27 0
10 0
53 0
12 1
42 1
11 0
37 0
45 1
8 0
55 0
31 0
50 8
7 0
2 1
26 0
14 0
29 0
18 1
31 1
13 0
1 0
18 0
13 0
3 1
31 0
11 1
22 1
29 0
25 1
25 1
1 1
26 1
19 0
16 0
2 1
6 1
28 0
26 1
11 0
4 1
20 1
15 0
25 0
17 0
28 1
33 0
28 0
16 0
13 0
12 1
5 0
25 1
33 1
15 0
11 0
8 0
21 0
4 0
14 0
25 0
33 0
32 0
66 9
23 1
24 0
23 1
33 0
21 1
29 1
29 0
33 1
36 1
29 1
3 1
35 1
5 1
28 1
23 1
4 0
24 1
4 1
28 1
11 1
33 1
5 1
7 1
32 1
18 1
30 1
38 1
17 1
1 1
15 1
15 1
14 1
5 1
10 1
5 1
22 1
33 0
27 1
8 0
18 1
29 1
34 1
35 0
35 1
14 0
6 1
30 0
10 1
6 1
29 1
32 0
35 1
7 0
15 1
27 0
12 1
36 1
10 1
21 1
21 1
5 1
3 1
37 0
29 0
35 1
4 1
49 8
10 1
3 1
1 1
8 1
16 1
2 0
1 1
8 1
4 1
2 1
14 1
8 1
14 0
3 0
16 0
6 1
8 1
1 1
9 1
5 0
4 1
2 1
12 1
8 1
5 1
10 1
2 0
6 1
3 1
2 1
9 1
13 1
1 1
6 1
2 1
7 1
14 1
7 1
7 1
6 1
3 0
10 1
3 0
11 1
11 1
7 1
16 1
13 0
2 1
53 7
1 0
11 1
3 0
17 0
20 1
13 0
6 0
17 1
20 1
8 0
13 0
8 1
18 0
19 1
12 0
20 0
19 1
13 0
12 1
13 1
9 0
9 0
7 0
12 1
13 0
12 1
14 0
16 0
8 0
14 1
11 0
20 1
8 0
9 0
18 0
16 1
3 0
5 0
20 1
6 0
8 0
14 1
8 0
6 0
10 0
12 0
11 1
15 0
9 1
16 0
6 0
5 0
11 1
22 2
4 0
13 0
12 0
10 1
2 0
11 0
22 0
18 0
12 0
5 0
18 0
5 1
6 1
9 1
19 1
1 0
15 0
19 1
17 0
15 0
16 0
9 0
88 13
26 1
1 1
29 0
4 1
12 1
28 1
6 1
36 1
35 1
32 0
39 1
26 1
22 1
18 1
5 0
33 1
35 0
37 1
13 1
42 1
36 1
42 0
29 1
4 1
33 0
13 1
12 1
39 1
36 1
34 0
12 1
33 0
21 1
40 1
4 1
19 1
19 1
38 1
22 1
15 1
36 1
26 1
17 1
14 1
2 0
18 0
26 1
26 1
9 1
33 0
42 1
38 1
38 1
1 1
29 1
20 1
39 0
13 1
1 1
20 1
28 1
9 1
14 1
22 1
37 1
5 1
32 1
16 1
23 1
17 1
30 1
9 1
38 0
40 1
2 0
33 0
32 0
38 1
21 1
18 0
16 1
33 1
13 0
24 0
31 1
38 1
39 1
41 0
31 5
21 0
9 0
1 1
33 0
34 0
39 1
36 1
39 0
27 0
46 0
9 0
3 0
17 1
26 0
28 0
27 0
22 0
43 1
3 0
29 1
35 0
3 1
14 0
24 1
46 0
5 0
13 0
26 0
24 1
35 0
32 0
80 10
18 0
12 0
11 0
5 1
11 0
16 0
10 0
4 0
18 0
1 0
13 0
3 0
14 0
9 0
13 0
6 1
11 0
13 0
12 0
16 0
9 0
4 0
16 1
10 0
17 0
17 0
4 1
16 0
5 0
15 0
17 0
4 0
13 1
3 0
14 0
15 0
7 0
2 0
16 0
17 0
1 0
7 1
18 0
14 0
19 0
11 1
4 1
16 0
17 0
11 0
11 1
14 0
17 0
6 0
18 0
4 0
7 1
2 1
7 1
4 0
4 0
7 0
3 1
2 1
18 0
5 0
19 0
14 0
6 0
17 0
8 0
14 0
18 0
5 0
16 0
9 0
3 0
4 0
14 1
5 0
36 6
7 1
31 1
16 0
7 1
28 0
6 0
49 0
25 1
43 1
5 0
28 0
39 1
38 0
49 1
46 0
23 1
49 1
25 0
12 1
22 1
21 0
43 0
31 1
36 0
43 1
17 1
36 0
46 1
48 1
4 0
44 0
31 0
34 1
43 1
35 0
27 1
34 4
28 1
22 1
12 1
6 1
2 1
27 1
15 1
12 0
31 1
2 0
28 1
23 1
14 0
7 1
14 0
13 1
10 1
2 1
15 0
14 1
12 0
11 1
31 1
15 0
18 1
28 1
23 1
8 0
1 1
16 1
3 1
4 1
27 0
22 1
65 9
21 0
18 1
10 1
39 1
40 1
1 1
27 0
29 1
23 0
9 1
18 0
24 1
40 1
16 1
5 1
30 1
34 1
40 0
27 0
4 0
36 0
35 0
36 1
4 0
21 1
28 0
32 1
40 0
22 0
18 1
37 1
23 1
27 1
36 1
13 0
39 1
31 1
3 0
20 0
39 1
38 1
21 0
25 1
21 1
32 1
1 1
22 1
13 0
5 0
6 1
4 0
27 0
6 1
29 1
1 1
7 1
18 0
32 1
14 0
8 0
41 1
5 0
25 1
36 0
21 0
29 3
5 1
28 1
7 1
25 0
26 0
6 1
25 1
30 1
11 1
25 1
23 0
21 1
5 1
29 1
27 1
9 1
12 0
16 1
26 1
13 0
8 1
24 1
20 0
17 1
28 1
6 1
26 0
9 0
13 1
58 7
22 0
6 0
12 1
4 1
3 1
22 1
32 1
27 1
29 0
32 1
9 1
24 1
18 0
26 1
14 1
6 1
29 1
18 0
28 1
19 1
31 1
1 1
6 1
12 0
26 1
29 1
26 1
20 1
10 1
1 1
1 1
26 1
5 1
7 1
1 1
23 0
25 0
31 0
12 0
21 1
25 1
3 1
5 1
14 0
8 0
32 0
2 0
3 1
14 0
16 1
19 1
29 0
10 1
3 1
30 1
23 1
32 0
12 1
37 6
4 1
12 0
14 0
1 0
34 1
13 0
8 1
25 0
24 0
15 1
7 1
14 0
4 0
29 1
4 0
2 1
23 0
28 1
7 0
32 1
24 1
24 0
2 1
33 0
6 0
5 0
12 0
2 0
24 1
22 1
12 0
31 0
30 0
25 0
5 1
13 0
9 0
76 12
9 1
3 1
10 1
19 1
12 1
8 1
13 1
8 1
3 0
11 1
20 0
17 1
12 1
20 1
9 1
15 1
16 1
17 1
9 1
11 1
9 0
13 1
14 1
20 1
12 1
8 1
10 1
20 1
1 1
16 1
5 1
10 1
20 0
12 1
20 1
1 1
8 1
11 1
5 1
4 1
11 0
4 1
14 0
15 1
4 1
5 0
20 1
9 1
1 1
7 0
5 1
15 1
12 0
1 1
3 0
12 1
13 0
13 1
20 1
19 1
18 1
1 1
7 1
7 1
18 1
1 1
5 1
15 1
13 0
15 1
5 1
11 1
6 1
12 1
7 0
2 0
88 14
35 0
32 1
24 0
12 0
2 0
27 0
20 0
46 1
25 1
20 0
7 0
3 1
39 0
8 0
10 1
25 0
27 1
16 1
49 1
10 0
60 0
40 0
47 1
29 0
56 0
52 1
25 1
27 0
12 0
58 0
11 1
16 0
13 0
11 0
11 1
7 0
24 0
56 0
53 0
8 1
32 0
53 1
5 0
10 0
29 0
54 0
24 0
7 0
26 0
36 0
57 0
13 0
21 0
48 0
56 1
13 0
50 1
59 0
45 0
9 0
26 0
18 0
11 0
6 1
49 0
41 0
4 1
57 0
6 0
57 0
25 0
9 0
52 0
45 0
15 1
47 0
26 0
45 0
44 1
42 0
49 0
47 1
53 1
4 1
58 1
32 0
10 1
1 0
61 16
16 0
52 1
56 1
45 1
56 1
5 1
52 1
9 1
54 0
35 1
41 0
22 0
48 1
44 0
27 1
44 1
32 0
5 1
4 1
39 0
4 1
27 1
13 1
42 0
32 1
16 1
11 0
6 1
12 1
10 1
54 0
37 0
52 0
49 1
24 0
42 1
8 1
31 1
31 0
41 1
37 1
8 1
50 1
46 1
55 0
2 1
19 1
4 0
45 0
24 0
16 0
5 0
42 0
2 1
13 0
30 1
36 0
44 1
42 1
21 1
11 1
41 13
1 1
1 0
1 1
1 1
1 1
1 1
1 1
1 0
1 0
1 1
1 0
1 0
1 0
1 0
1 0
1 1
1 0
1 0
1 0
1 0
1 0
1 1
1 1
1 0
1 0
1 0
1 1
1 0
1 0
1 0
1 1
1 0
1 0
1 0
1 1
1 0
1 0
1 0
1 0
1 0
1 0
77 17
3 1
6 1
57 0
14 0
53 1
12 1
28 0
22 1
25 1
7 0
25 1
38 0
42 0
49 1
36 0
3 0
30 0
44 1
9 0
30 0
55 1
4 1
50 1
46 0
7 0
33 1
57 0
40 0
36 0
10 0
24 0
52 0
22 1
56 1
5 0
15 0
50 1
15 0
23 0
5 0
40 0
1 0
50 1
10 1
44 0
37 0
10 0
53 0
6 0
4 0
27 0
21 0
24 0
52 1
21 0
38 0
29 1
17 1
43 1
38 1
33 0
27 0
50 1
7 0
28 0
5 0
51 0
33 1
35 1
27 1
7 1
45 0
31 0
18 0
1 0
15 1
5 0
87 24
5 0
8 0
1 1
2 0
7 1
4 1
3 0
9 0
1 1
7 1
8 1
2 1
7 1
8 0
8 0
9 1
9 0
7 0
7 0
7 1
9 1
3 1
8 0
5 0
3 1
9 0
3 1
9 0
4 0
3 1
8 0
3 1
6 1
7 1
5 1
1 1
3 1
8 0
1 0
7 1
5 0
1 0
3 1
5 0
3 1
8 1
2 1
5 1
4 0
5 1
7 0
8 0
4 0
1 0
7 0
3 1
5 0
4 1
6 0
3 1
4 0
3 1
4 1
4 1
7 0
2 1
5 0
5 1
1 1
8 1
6 0
6 1
8 1
3 1
6 1
8 1
7 1
4 1
6 1
8 1
3 1
9 0
9 0
6 1
1 1
8 0
8 1
75 21
5 0
35 1
35 1
29 1
24 0
39 0
43 0
52 0
38 1
50 0
30 0
49 1
37 0
4 0
47 0
29 1
13 0
34 0
22 0
52 0
16 1
19 0
37 0
29 1
41 1
15 1
40 0
43 0
42 0
51 0
52 0
42 1
13 1
50 1
6 0
38 0
36 0
14 1
7 0
21 1
51 1
22 0
37 1
22 1
11 0
34 1
35 1
31 0
29 1
46 0
34 0
9 0
17 1
18 1
13 1
28 1
11 0
1 1
41 0
2 0
3 1
4 0
5 1
5 1
22 0
11 0
47 0
46 0
52 1
30 0
11 0
29 0
50 1
30 1
26 0
100 16
3 0
21 0
1 0
21 0
9 1
7 0
17 0
2 1
4 0
19 0
27 0
19 1
8 0
12 0
17 0
11 0
13 0
19 1
9 0
9 1
20 1
14 0
1 1
10 1
22 0
15 1
23 1
26 1
2 0
5 0
23 1
27 0
13 0
22 0
2 1
27 0
17 0
19 0
15 1
4 1
24 0
14 0
11 0
9 0
8 0
7 1
15 1
12 0
26 1
15 0
8 0
16 0
1 0
3 0
2 0
9 0
5 0
9 0
8 0
2 0
9 0
1 0
23 0
16 0
16 0
25 1
10 0
20 1
11 0
14 1
7 1
24 0
27 0
22 1
25 0
26 0
19 1
20 0
17 0
6 0
18 0
25 0
16 0
22 0
18 0
2 0
5 0
16 0
26 0
9 0
2 0
13 0
19 0
10 0
26 0
1 0
21 0
19 0
13 0
25 0
76 18
10 0
19 1
16 0
17 0
23 1
12 0
20 1
33 1
14 1
23 0
24 1
9 1
33 1
1 1
3 1
17 0
32 1
12 1
25 1
20 0
33 1
6 1
33 1
11 1
17 0
20 0
15 1
26 0
9 1
8 0
22 1
20 1
27 1
13 1
26 1
10 0
14 1
11 1
26 0
21 1
6 1
25 0
5 0
3 0
31 0
8 0
27 0
1 0
19 1
17 1
4 0
11 1
8 0
9 0
6 1
8 1
4 0
11 1
28 0
32 1
10 1
7 0
24 0
26 1
1 1
5 0
20 0
20 1
21 1
1 0
7 1
31 1
24 1
32 0
25 1
23 1
75 21
67 1
54 0
21 0
17 0
18 1
41 1
11 1
21 0
39 1
14 0
49 0
63 1
57 0
37 0
23 1
47 1
24 0
59 1
18 0
56 0
15 0
3 0
10 1
9 1
64 1
2 0
42 0
53 0
30 1
34 0
16 1
30 1
43 0
66 0
54 0
9 1
22 1
5 1
59 0
51 1
10 1
59 0
22 0
37 1
61 0
59 0
34 1
31 1
37 1
3 0
44 0
6 0
40 0
52 1
26 0
23 0
39 0
51 0
63 0
55 0
6 1
11 0
58 0
42 0
44 0
2 1
55 0
44 0
19 1
57 0
23 1
3 1
53 0
15 1
29 0
