108
1
2 3
3
4 5
1 4
5 1
4
3 2
4 6
5 5
1 3
6
5 6
3 5
4 7
6 2
7 1
8 3
10
11 2
1 3
2 4
3 5
4 6
12 7
6 8
7 9
8 10
9 11
10
12 12
1 1
2 2
3 3
4 4
5 5
6 6
7 7
8 8
9 9
51
28 33
12 49
20 38
11 12
27 44
25 4
6 52
30 31
21 45
32 28
22 20
14 2
4 42
10 41
29 30
45 18
15 32
23 50
17 47
47 25
13 43
40 3
16 48
8 26
38 40
48 51
2 37
51 39
26 7
41 14
36 29
43 1
3 11
42 36
49 6
52 53
19 13
50 21
33 23
34 34
9 46
53 8
44 24
39 10
35 5
18 19
7 27
46 35
31 15
24 22
37 9
675
433 19
266 640
605 182
206 225
161 292
122 623
489 221
114 464
409 260
523 619
593 416
407 528
511 63
254 171
396 431
636 289
652 510
115 483
666 473
165 622
111 563
20 220
82 93
219 205
323 520
88 323
454 526
645 489
259 377
644 109
641 485
418 122
512 401
586 627
639 420
438 524
110 479
140 105
124 125
677 102
510 368
18 92
507 646
270 663
167 120
604 26
663 134
649 525
620 21
457 316
166 480
466 9
213 185
317 658
243 397
592 584
156 265
402 64
626 444
536 471
563 142
673 308
75 585
215 674
658 23
174 568
557 596
150 320
5 423
169 286
181 518
584 61
57 574
599 616
61 103
3 666
172 419
365 347
132 451
531 345
94 462
603 673
306 604
62 53
16 382
216 654
74 240
561 466
135 376
210 454
450 598
177 188
257 593
234 409
123 523
298 251
461 206
462 450
54 306
459 164
269 647
295 561
136 438
204 340
9 202
398 468
491 13
58 575
597 543
391 270
585 610
366 275
486 515
370 36
611 477
229 645
335 558
647 429
598 478
571 403
364 452
527 315
503 77
190 177
425 587
301 633
278 309
566 212
610 507
255 486
21 439
43 649
17 482
583 611
223 198
67 555
622 487
328 346
173 287
371 548
87 395
417 200
47 244
373 296
471 457
313 20
53 256
274 106
487 589
145 305
505 341
228 35
271 84
143 69
533 588
69 385
559 628
37 193
537 410
60 378
338 576
316 534
321 581
368 358
339 239
416 272
419 535
108 380
63 536
241 156
218 314
249 280
502 14
44 22
476 342
199 85
41 606
261 552
657 231
308 332
426 643
521 191
28 152
555 428
264 297
14 475
294 554
488 374
39 238
558 372
319 425
554 277
279 651
329 228
494 642
197 424
273 414
72 608
483 302
565 52
595 498
25 648
542 497
91 163
320 27
675 115
484 333
27 396
543 671
342 481
137 243
514 492
377 129
360 32
576 37
475 437
415 151
30 211
671 550
515 94
356 603
146 79
324 149
125 133
187 434
608 148
128 282
337 442
351 605
130 154
154 676
613 447
289 173
258 49
662 386
252 99
304 95
230 560
314 252
262 495
59 344
509 216
493 570
52 614
326 331
307 312
344 620
582 15
293 421
498 39
64 44
336 249
405 617
451 613
105 234
669 353
447 514
574 354
348 635
578 160
141 364
439 290
144 656
349 538
334 6
429 71
36 406
465 132
532 4
240 556
256 42
394 51
239 104
70 113
29 230
175 665
196 653
131 582
352 298
590 446
596 317
374 329
315 301
540 592
121 1
207 54
203 176
50 278
431 546
385 661
99 583
77 43
469 311
625 45
142 363
437 343
482 110
35 90
288 47
185 214
81 455
7 404
46 235
217 624
414 632
183 335
547 389
422 242
668 137
296 360
661 573
224 625
548 245
436 300
506 637
667 430
116 436
589 400
235 203
430 55
322 540
226 626
413 580
171 530
138 261
10 181
231 25
617 89
65 547
573 659
358 579
369 117
287 281
162 263
500 159
404 179
247 140
656 465
361 618
445 460
280 144
11 248
212 662
98 356
79 569
244 519
89 594
551 371
340 476
403 392
347 80
411 74
442 493
93 652
325 336
113 72
444 128
80 213
659 577
40 114
470 322
214 121
473 108
200 565
581 5
198 418
395 12
163 257
238 321
569 422
516 517
31 217
632 562
378 241
276 273
456 50
19 291
302 262
453 607
191 258
460 175
594 304
490 339
550 146
628 375
292 527
119 266
572 34
615 398
179 130
432 209
618 229
492 135
96 161
97 223
468 267
520 170
76 408
195 445
650 141
291 318
359 644
635 31
463 184
621 76
51 505
345 490
272 222
282 162
575 417
567 219
630 350
260 427
311 7
670 232
139 330
127 58
24 204
253 210
327 283
38 73
627 448
32 359
297 46
479 387
400 394
333 494
353 564
508 370
545 393
383 521
100 166
549 38
526 147
363 501
152 391
155 285
250 601
45 541
2 664
227 488
522 474
201 16
126 28
513 284
428 470
193 295
202 259
184 293
637 384
642 75
448 78
653 3
408 56
120 18
619 426
452 491
381 126
275 233
443 100
73 157
350 432
538 65
556 677
534 532
148 467
176 158
265 334
579 591
587 469
66 254
49 313
495 8
286 537
496 29
497 599
221 98
390 369
330 325
607 116
384 2
22 107
268 522
440 456
449 178
6 531
654 411
544 399
410 303
180 388
446 600
564 373
8 412
655 112
318 294
355 484
346 190
362 435
380 196
570 195
68 236
232 361
102 351
312 33
504 415
178 639
90 502
186 48
472 615
117 192
284 362
609 180
15 288
382 609
412 641
153 506
34 545
357 512
399 612
26 247
160 145
129 667
524 509
517 189
634 70
646 276
299 194
281 187
189 453
309 672
109 57
55 504
401 402
331 516
560 139
420 310
118 208
568 186
631 111
151 88
157 597
208 82
290 40
107 255
158 355
263 508
519 218
518 529
674 165
159 62
624 405
434 60
267 544
220 143
602 155
305 11
612 201
386 440
529 150
376 511
48 365
222 246
528 367
182 169
209 539
660 226
633 59
525 669
435 675
665 264
485 660
387 636
205 551
78 586
86 557
616 472
530 621
23 97
341 553
614 274
56 634
246 542
664 269
477 499
397 503
643 253
606 224
332 379
168 571
467 559
539 197
101 631
577 237
134 459
303 629
248 595
192 172
300 349
421 443
458 119
149 10
375 533
423 83
237 352
580 138
601 41
591 328
4 441
541 572
251 124
499 68
676 87
372 337
424 271
546 67
13 650
648 131
1 326
388 24
389 307
600 324
71 279
33 668
42 655
640 199
343 168
85 567
441 549
367 338
406 268
188 348
83 215
588 566
106 500
310 630
354 458
455 183
84 390
245 250
393 449
478 299
104 578
236 413
474 657
480 496
103 96
92 153
392 366
427 91
277 590
242 123
464 513
501 86
225 463
170 101
535 670
12 357
164 227
623 319
552 638
651 433
194 136
285 383
95 66
133 118
283 207
553 327
638 461
112 127
481 407
562 174
379 381
211 30
629 602
233 167
700
491 669
247 393
54 443
700 360
663 96
58 241
488 300
649 417
508 507
326 416
448 535
643 602
339 584
569 643
11 158
299 438
323 221
165 604
138 229
674 479
405 332
80 267
429 247
158 428
237 95
304 543
322 68
537 636
206 577
619 610
475 212
466 586
411 612
8 235
46 243
533 632
413 385
379 167
391 498
163 165
670 56
12 658
244 693
403 619
531 454
609 178
637 546
651 4
354 487
151 652
76 427
272 110
188 154
640 162
559 324
541 399
512 295
171 540
161 210
673 431
332 510
294 297
147 35
66 252
93 191
386 518
240 98
10 386
695 355
311 119
145 560
262 484
691 266
139 153
570 422
108 118
120 525
586 511
557 208
97 666
548 40
680 113
34 104
378 250
83 36
451 177
282 277
279 197
535 146
511 455
315 541
249 314
337 173
616 367
309 48
494 508
295 408
170 20
467 575
360 172
489 140
470 245
552 264
588 554
375 265
447 301
487 635
509 269
216 513
498 124
627 339
593 423
201 330
27 528
412 117
614 122
362 308
320 429
583 571
50 97
275 271
471 471
621 344
182 358
270 617
382 274
78 128
611 526
256 425
395 681
579 467
396 690
702 501
521 434
555 644
154 346
64 322
394 304
173 151
462 389
668 5
582 456
658 564
330 187
416 370
525 116
90 219
409 698
427 517
571 421
329 516
577 368
438 529
437 347
48 357
233 94
344 497
679 445
250 460
63 461
605 605
74 448
630 292
280 211
55 397
212 405
321 459
219 488
355 203
500 45
210 365
623 437
343 409
306 188
189 642
273 545
38 680
98 57
128 631
284 310
645 256
547 148
112 578
481 143
198 284
114 480
575 293
70 446
140 90
1 352
221 671
155 225
134 646
209 504
25 613
71 404
433 468
261 39
65 231
654 420
603 667
346 672
431 69
562 186
203 596
259 687
682 433
251 549
383 195
234 395
688 616
573 527
288 440
30 144
202 126
502 19
698 532
265 414
94 694
353 536
178 394
28 391
401 418
347 183
110 663
125 134
310 376
68 493
314 285
549 481
349 306
428 600
227 156
126 18
137 668
377 688
518 184
179 603
686 32
18 307
103 664
7 691
565 204
432 695
636 147
167 684
581 411
358 519
519 638
42 23
561 180
650 675
697 361
301 327
41 268
370 611
631 190
123 469
660 457
274 430
492 257
84 91
156 44
452 588
652 435
6 594
308 320
653 598
389 41
661 377
133 6
327 674
220 620
560 551
530 228
340 340
61 218
348 472
214 237
694 553
180 415
13 657
669 439
23 150
153 279
505 49
420 371
622 624
341 26
699 486
644 702
528 653
283 101
587 495
596 563
215 326
2 152
414 123
594 336
298 215
357 512
584 313
567 506
191 52
655 686
483 499
469 449
232 199
162 239
85 615
166 651
213 254
197 255
464 382
190 258
313 647
442 678
441 25
334 515
345 81
87 622
527 589
20 54
690 209
176 318
45 142
113 585
495 373
35 542
564 77
47 216
543 627
421 637
51 595
696 135
685 315
285 125
208 494
356 579
387 384
672 400
626 84
615 24
241 645
436 556
407 607
269 465
115 273
514 46
545 30
410 100
532 155
79 625
536 13
338 557
585 641
101 614
385 558
15 685
236 12
628 65
324 679
14 447
277 1
473 401
369 253
457 261
390 130
589 114
404 654
352 205
246 538
243 699
423 463
169 74
367 131
335 500
21 282
257 160
118 87
287 323
484 72
88 561
647 176
218 73
558 396
664 309
24 109
258 3
230 555
376 477
689 103
260 166
62 133
425 337
642 419
665 441
149 102
168 390
225 111
226 521
666 82
119 412
620 372
235 565
331 175
460 606
415 185
144 174
684 28
701 590
267 299
302 171
381 286
476 548
107 290
392 334
638 64
568 402
539 43
205 67
364 570
641 451
406 381
160 550
286 601
4 60
224 410
444 639
177 321
497 533
400 129
29 53
563 157
271 38
526 112
211 8
49 248
336 492
522 316
184 238
544 259
254 55
439 251
646 115
255 189
515 388
276 587
242 236
608 629
130 567
39 181
639 298
418 618
60 249
106 343
77 660
56 79
143 2
659 689
148 363
634 11
408 640
100 572
472 16
624 179
157 213
200 482
517 288
248 14
268 51
681 375
231 436
667 331
493 650
618 458
33 29
591 462
9 311
253 34
430 194
174 9
186 576
486 656
303 108
445 503
199 568
374 223
263 673
17 387
292 246
266 272
485 351
625 207
600 473
36 444
16 432
550 581
281 505
52 398
307 452
150 348
185 244
95 522
239 89
534 58
459 139
228 514
96 163
72 201
657 136
617 234
592 369
59 633
131 63
424 520
551 121
53 380
99 474
325 127
57 547
181 648
136 329
172 240
278 378
687 169
676 531
195 569
252 544
223 294
540 291
388 464
538 670
37 202
217 659
417 580
434 634
443 697
455 354
604 623
597 296
426 608
132 159
124 270
399 559
456 161
196 562
297 21
468 59
359 539
222 552
43 476
135 478
480 490
366 317
384 325
105 677
44 700
193 278
453 206
380 442
3 232
109 233
5 66
607 220
397 534
598 319
342 424
458 75
291 92
529 227
296 683
595 359
524 33
365 137
501 83
312 50
496 289
474 7
187 193
318 88
371 47
590 230
398 76
662 630
122 485
82 242
204 574
117 17
142 222
238 78
454 350
229 583
546 10
422 226
290 662
503 530
678 80
141 338
102 665
656 609
520 426
516 599
613 649
333 22
175 696
372 99
89 262
393 353
361 597
507 145
368 283
86 366
461 341
40 15
92 383
194 475
121 198
692 661
146 453
31 413
477 276
300 682
116 523
683 496
449 200
602 141
513 214
73 573
316 592
482 692
542 470
245 466
305 85
435 86
419 537
499 287
207 566
450 27
350 450
75 593
317 489
351 132
91 217
635 345
127 305
463 628
523 71
612 192
289 120
19 61
479 302
328 403
580 105
81 676
648 303
693 655
504 138
26 621
553 333
574 524
164 260
402 31
264 62
22 362
465 407
671 491
610 626
111 349
104 107
129 374
32 328
363 502
440 335
510 312
675 281
67 70
490 37
373 509
69 93
629 164
578 392
556 168
319 196
632 224
478 149
192 106
606 280
572 263
183 483
566 170
159 582
601 182
599 406
506 342
576 356
152 275
677 591
554 701
446 364
700
606 429
246 57
418 418
268 654
149 48
32 446
454 202
381 78
248 206
254 681
10 406
445 303
112 283
165 529
56 533
548 498
370 330
620 210
3 463
79 600
615 296
414 327
537 171
307 244
655 337
110 564
232 240
583 190
491 85
63 70
303 307
122 274
24 188
464 682
337 64
390 613
296 468
365 393
113 33
569 668
681 543
486 618
421 364
158 448
660 423
218 247
638 231
230 501
489 208
259 321
459 610
294 340
456 292
341 589
415 604
379 563
654 319
462 465
224 139
140 325
221 182
367 111
328 12
597 299
504 102
126 657
274 387
595 408
376 462
180 666
541 492
634 272
480 351
287 84
623 625
401 642
495 273
52 160
517 300
145 467
625 357
325 27
399 678
518 10
297 414
579 561
225 66
160 578
222 591
156 673
327 4
223 672
482 24
617 195
75 488
98 291
648 26
203 661
76 255
373 158
646 15
607 376
226 107
217 92
273 517
393 677
558 611
186 568
310 82
210 13
53 479
252 229
576 519
51 163
293 94
593 471
106 577
363 403
668 142
485 306
50 697
460 313
321 52
487 287
591 6
466 422
343 360
60 178
382 417
640 344
234 607
694 232
533 590
183 22
659 258
260 634
329 557
360 230
546 514
700 115
375 386
288 100
269 45
143 541
344 424
21 83
472 173
387 124
584 644
434 1
239 260
564 262
171 502
47 40
111 593
413 627
134 477
302 93
266 399
618 295
674 90
74 109
589 641
80 17
599 581
679 116
624 236
279 614
349 507
87 331
141 522
410 353
219 689
142 304
380 633
514 259
494 38
374 447
7 539
301 227
575 572
281 547
100 375
522 616
43 183
170 242
162 508
332 459
483 339
693 598
231 552
366 454
588 699
205 521
592 531
601 98
184 75
557 407
503 629
586 637
565 251
299 453
581 278
478 281
264 345
516 335
502 235
131 692
649 631
610 621
630 162
271 388
457 293
304 176
528 290
476 669
179 129
66 280
690 46
61 410
429 73
621 164
339 550
407 551
101 413
45 133
531 698
67 496
444 137
195 444
545 312
20 47
147 150
169 238
676 544
130 110
453 599
192 534
238 225
91 380
212 394
194 651
656 343
196 494
57 254
161 157
154 624
42 576
642 179
119 470
81 530
182 147
356 56
547 685
622 275
582 455
94 382
33 204
15 146
125 20
345 620
316 305
12 694
65 632
508 584
256 553
556 647
176 359
501 8
46 245
412 366
551 135
692 483
151 466
220 452
95 65
103 528
661 365
178 169
477 662
135 246
73 441
137 597
204 549
120 175
68 415
237 686
691 636
41 209
507 368
665 684
23 622
30 79
148 430
139 527
359 253
286 215
346 152
19 676
85 516
636 224
585 482
450 91
285 427
416 371
571 500
536 95
446 108
292 571
578 203
554 55
678 513
544 594
348 120
309 503
216 476
499 362
215 30
72 166
144 284
357 433
433 5
372 473
265 352
438 526
493 432
449 28
441 425
251 237
671 525
673 58
99 574
397 687
44 603
611 379
18 404
89 384
247 595
402 138
236 582
28 565
340 86
443 308
323 36
577 286
657 358
519 41
590 567
198 440
612 140
644 34
481 7
172 194
368 649
96 77
8 35
539 397
16 60
653 271
39 125
280 696
199 458
49 323
313 233
442 44
306 320
670 317
150 113
164 671
512 546
425 695
458 419
594 395
523 536
308 130
631 149
255 193
282 177
490 216
315 97
369 585
187 14
663 396
532 663
64 69
510 437
102 628
526 81
123 664
439 143
228 586
400 461
534 680
361 101
311 265
492 218
331 580
118 226
699 131
628 214
314 141
334 428
605 239
108 619
452 314
104 266
500 674
398 472
48 389
263 390
36 145
330 80
543 655
185 117
159 665
189 243
166 338
437 583
448 670
647 356
207 445
202 416
587 74
385 449
6 489
289 558
371 252
604 201
35 122
391 374
639 481
392 535
201 144
602 99
211 617
27 615
82 579
613 442
436 334
598 491
677 426
395 412
58 207
213 23
600 106
632 518
157 608
669 187
191 587
214 658
465 234
467 520
540 205
276 457
77 298
563 328
5 50
471 294
629 411
22 37
55 650
240 398
326 469
235 570
687 474
83 575
496 148
34 566
377 316
90 170
684 219
305 646
71 256
167 311
26 309
411 72
109 555
209 475
701 134
353 154
527 220
121 174
152 402
54 155
93 506
107 456
511 289
394 126
114 700
312 363
278 198
505 39
69 322
275 249
686 3
672 638
680 199
272 421
352 310
440 112
405 248
155 53
320 189
351 391
241 241
427 545
488 554
350 450
322 76
468 61
685 191
354 355
188 88
688 485
567 372
542 32
652 515
396 602
650 279
469 346
200 59
124 639
662 168
406 381
470 659
641 487
520 601
463 560
530 532
257 592
364 405
31 478
525 250
358 510
335 2
253 493
283 683
2 660
603 151
570 333
702 435
423 96
227 87
658 21
197 42
243 29
378 606
300 128
29 165
298 679
417 329
127 18
206 104
435 556
355 385
270 648
696 434
560 443
319 211
562 354
572 267
521 609
258 400
208 123
175 573
447 276
138 701
664 361
342 378
37 373
284 136
70 626
181 318
614 270
383 640
461 505
229 464
347 196
651 524
245 261
580 436
62 702
233 16
689 285
682 691
637 341
136 537
549 43
566 562
626 643
455 511
473 288
384 181
568 68
497 409
244 19
479 119
596 480
174 612
633 186
132 540
552 282
627 652
59 301
261 172
250 348
388 392
133 277
698 370
193 132
14 156
128 297
318 623
451 49
431 221
177 431
173 315
11 63
92 54
619 509
484 213
553 217
475 548
535 349
695 486
389 538
262 71
336 31
295 192
430 495
324 653
683 350
422 167
13 512
609 688
409 675
666 153
538 596
697 25
190 67
153 460
404 401
573 367
338 127
9 103
529 263
608 490
403 222
105 559
362 161
277 504
40 588
498 121
84 484
474 159
524 302
555 184
116 268
249 342
386 369
333 569
667 690
168 118
1 383
86 114
317 347
506 420
616 51
291 332
242 212
561 497
17 257
419 89
559 223
115 324
513 439
574 9
88 438
163 264
38 499
78 605
675 377
4 667
25 185
408 635
117 228
426 336
509 326
420 542
267 451
97 523
643 200
432 197
129 630
635 105
645 645
424 180
428 693
550 269
146 656
600
499 194
443 383
328 144
347 595
243 117
301 168
442 44
253 593
507 108
469 336
429 382
129 24
119 362
80 532
519 166
596 384
149 329
435 368
162 147
589 87
210 381
351 17
268 253
98 116
77 234
515 361
325 488
550 409
373 10
171 169
352 138
487 380
280 226
491 177
197 23
1 402
227 338
560 302
43 294
192 174
407 566
35 600
230 470
58 510
41 206
367 528
118 14
214 453
216 207
451 272
308 378
285 235
318 298
490 124
186 102
413 373
67 575
441 56
281 318
535 485
170 106
578 425
505 524
571 340
552 341
181 58
547 137
178 97
256 582
433 450
248 457
278 345
55 571
211 38
146 270
290 120
333 379
20 455
581 448
66 513
82 348
209 522
223 157
483 175
341 19
476 420
408 305
592 561
324 570
69 495
528 249
195 218
226 223
110 531
15 231
13 129
553 210
411 107
598 145
282 487
189 114
164 347
21 558
131 414
395 343
273 449
73 439
187 552
474 374
157 501
172 178
466 339
293 405
472 50
249 160
286 75
246 127
422 25
489 327
3 418
327 547
93 68
275 74
417 493
29 387
74 509
155 563
147 237
548 251
206 546
81 187
125 7
199 256
446 269
366 579
533 400
70 244
91 486
412 261
393 389
392 428
25 297
296 203
459 266
48 164
229 202
183 80
513 451
346 530
332 342
356 69
484 101
427 255
594 275
185 222
165 478
575 308
498 280
522 430
78 375
310 492
312 185
431 238
419 257
141 330
540 212
127 90
477 385
436 267
570 354
100 103
371 599
50 165
202 217
389 216
530 300
231 200
557 100
128 565
362 481
403 134
53 156
475 376
537 337
36 42
364 199
96 37
174 583
518 48
541 8
449 54
188 186
602 284
235 407
158 548
287 458
321 224
101 592
348 440
295 496
167 6
543 591
590 477
342 464
355 456
258 422
5 170
488 149
291 115
556 172
203 535
257 205
198 500
588 265
434 227
37 71
16 158
445 221
546 474
272 88
565 597
372 419
10 201
304 480
300 424
7 469
512 146
215 192
457 277
406 176
582 57
391 479
404 94
109 289
19 526
190 290
574 204
305 152
117 112
270 16
17 242
460 435
309 519
384 271
345 182
456 62
330 51
377 578
4 415
561 505
357 320
79 447
134 113
534 596
76 4
420 29
563 95
370 246
381 601
11 288
585 195
567 396
294 431
99 539
62 503
241 151
44 602
298 588
24 18
103 247
142 141
71 291
467 529
107 148
463 392
399 190
225 26
383 268
219 408
40 521
398 259
130 482
136 27
217 462
462 370
92 30
266 214
271 359
191 78
471 555
458 349
311 584
359 241
492 459
323 260
254 467
269 274
61 98
150 360
89 468
358 64
133 545
68 155
213 540
279 181
85 534
177 367
599 328
84 350
320 96
579 239
510 150
14 351
277 301
405 538
166 490
251 236
252 423
156 413
316 386
179 167
524 283
517 12
494 276
562 497
135 572
153 314
343 476
559 310
292 371
247 3
222 229
536 557
479 499
205 559
349 11
159 292
289 404
302 393
396 398
148 498
425 590
426 574
437 47
430 390
87 325
106 232
493 581
64 355
464 254
529 245
525 252
57 433
115 79
481 549
549 60
326 83
200 119
502 589
265 89
387 49
182 154
448 473
49 198
450 45
452 32
274 533
478 358
194 31
212 502
337 139
350 463
173 598
558 67
402 434
34 306
314 180
322 516
175 346
112 461
240 77
54 317
151 189
299 442
154 126
497 143
378 240
228 406
242 372
193 332
523 586
382 33
453 125
339 193
313 475
264 287
233 322
65 105
220 585
111 133
306 517
168 550
218 576
237 391
88 543
245 293
163 507
385 331
376 36
138 228
238 1
336 401
577 466
144 39
90 452
297 357
390 312
506 437
439 121
2 55
319 281
601 233
454 65
207 296
169 397
102 369
432 188
105 250
516 13
113 577
108 61
143 511
33 136
331 316
140 299
424 262
27 446
6 454
583 142
234 441
521 196
400 122
354 20
485 76
587 460
423 471
504 444
586 567
600 22
482 263
104 472
59 311
32 211
375 153
573 520
527 527
152 104
415 426
184 429
544 183
288 213
379 587
509 248
520 536
120 93
388 438
45 264
255 86
418 159
361 92
180 131
232 421
126 432
224 366
145 35
368 118
595 82
473 326
259 443
555 399
12 215
9 364
31 564
539 321
380 560
597 594
221 161
480 344
260 551
340 491
468 353
201 395
262 303
526 410
116 319
572 59
267 489
538 73
23 313
176 518
38 46
428 85
363 388
531 573
500 279
329 2
250 427
455 243
75 544
303 191
397 110
401 66
263 553
593 41
307 334
335 179
244 225
486 515
508 197
63 28
161 258
139 109
22 111
438 568
95 81
236 273
584 9
42 417
461 514
261 556
284 324
542 173
26 377
360 304
122 220
18 84
317 91
204 504
97 403
86 512
532 208
496 15
564 412
566 363
72 135
30 132
123 52
47 394
56 282
334 219
394 436
39 445
576 333
365 130
46 494
276 99
137 53
409 21
470 230
315 171
132 307
568 484
444 365
94 123
591 70
495 537
386 483
196 309
283 43
353 315
83 411
416 562
414 34
503 286
114 523
580 40
51 506
124 209
501 163
465 525
239 128
8 140
511 184
569 508
338 352
551 5
374 569
52 162
28 278
440 554
60 63
344 541
121 285
208 295
369 542
421 416
447 356
554 335
160 580
545 465
500
430 405
105 242
356 99
229 200
474 362
116 480
463 22
51 360
109 448
409 277
500 434
63 245
84 230
422 175
313 26
234 482
492 103
362 106
225 367
443 158
392 206
296 308
412 397
48 228
316 373
244 426
34 270
499 297
187 23
423 174
452 13
359 312
155 370
4 163
176 202
284 420
26 293
346 502
447 21
457 304
243 45
486 467
193 176
62 415
264 254
361 302
27 337
342 303
57 349
271 427
80 215
16 340
283 321
338 243
403 210
309 468
233 495
431 481
360 7
203 61
373 67
458 120
274 237
91 457
378 408
374 29
96 414
424 464
92 493
240 365
159 12
490 418
183 328
111 319
453 413
215 56
482 231
36 262
310 198
417 372
279 145
93 162
210 131
395 132
324 466
263 331
415 335
64 91
17 294
337 119
206 431
103 152
112 388
228 252
464 82
72 460
428 267
473 407
421 435
497 155
348 380
30 410
232 118
445 92
488 355
217 417
214 32
49 60
73 192
325 43
434 208
180 181
410 447
61 344
322 89
42 282
132 199
70 55
371 168
419 263
498 342
149 280
204 383
15 485
221 322
9 350
23 395
130 371
186 421
145 325
200 432
307 327
168 359
381 80
384 458
326 265
213 453
231 465
158 116
86 51
20 70
144 403
469 498
165 6
174 292
436 150
125 366
251 449
339 137
102 488
114 184
78 250
493 227
476 257
280 93
300 339
484 295
255 212
318 180
88 259
39 182
277 112
139 219
196 473
450 234
2 440
138 63
344 94
288 364
45 236
456 298
286 78
301 117
420 159
189 437
363 151
380 247
131 64
491 138
3 66
89 178
211 146
142 10
480 499
134 97
108 351
406 272
222 358
100 275
43 474
400 240
293 476
129 419
382 443
56 396
369 333
439 15
151 107
364 283
281 128
320 216
269 114
12 336
50 85
437 47
351 185
273 238
250 110
224 31
126 140
460 34
496 287
446 90
163 177
249 204
22 278
261 52
127 164
194 36
239 390
376 326
35 491
413 289
393 471
173 286
195 88
104 296
319 439
157 346
107 318
19 273
353 74
94 17
285 201
418 374
121 84
485 95
390 194
1 486
433 459
312 218
266 57
252 489
365 214
354 392
110 18
68 320
331 213
162 183
399 246
52 50
451 39
455 86
303 40
184 126
336 484
298 379
438 300
118 311
282 167
290 400
77 445
197 173
379 422
140 455
90 27
207 490
302 224
179 223
308 291
487 1
238 444
98 105
31 428
248 203
340 3
6 147
128 76
83 438
24 148
167 77
76 494
260 402
426 386
99 197
40 253
502 384
146 475
294 470
459 122
46 307
289 446
82 133
321 496
343 33
75 109
270 305
397 37
55 170
432 255
192 241
156 123
47 258
148 239
366 306
272 44
377 73
466 500
85 281
136 196
305 356
135 369
169 24
330 393
245 187
489 111
311 144
372 136
394 186
29 412
247 226
172 363
37 479
53 271
292 79
370 352
494 68
242 338
414 353
388 38
41 195
185 411
262 451
13 121
11 135
166 461
425 261
154 472
442 285
177 46
383 487
470 14
97 450
295 406
335 478
257 143
143 382
472 456
287 276
483 124
236 409
328 375
201 100
429 260
21 98
358 299
297 377
495 341
60 348
332 35
441 347
67 391
106 83
65 5
153 378
276 166
345 423
475 244
25 169
501 313
323 477
216 62
350 269
258 288
427 87
317 65
398 492
160 249
205 233
333 154
137 25
253 149
223 256
435 429
226 354
44 58
38 454
69 217
454 222
416 41
170 54
440 332
147 59
468 209
327 268
227 343
375 125
467 357
385 387
254 179
190 251
10 309
357 398
133 497
355 134
478 48
175 16
477 129
71 189
178 394
199 165
275 324
329 232
28 104
101 316
113 2
462 188
411 11
202 156
95 9
54 301
120 290
347 430
14 19
209 30
341 433
349 157
401 28
74 205
352 314
256 462
81 225
33 108
218 220
291 501
7 75
479 463
161 153
246 8
8 142
79 323
181 385
241 229
182 4
259 139
408 161
198 190
220 416
268 127
465 264
191 72
164 329
237 310
122 425
299 172
386 42
32 115
150 345
152 211
314 452
208 274
58 20
396 113
404 376
444 96
18 424
387 361
265 368
141 69
391 71
235 49
402 284
212 483
461 401
304 221
449 334
471 442
407 207
119 102
405 53
389 436
117 160
368 191
87 315
306 441
124 266
230 317
188 193
448 248
5 171
115 404
278 389
334 279
123 330
367 469
315 235
219 81
66 381
481 101
59 141
400
145 212
289 7
265 276
374 313
34 69
255 132
159 89
143 72
139 263
319 319
401 353
141 373
362 239
359 273
337 272
13 92
221 194
42 191
180 105
52 12
23 258
185 327
360 204
226 184
253 123
273 376
284 223
400 326
384 321
258 190
24 50
193 142
344 81
167 162
49 8
269 325
130 94
264 177
238 289
191 297
218 262
382 79
201 166
94 394
402 298
177 245
142 292
120 343
327 214
310 213
217 304
154 35
203 38
162 215
121 152
207 109
297 163
148 288
114 5
151 275
53 205
313 227
97 120
375 189
329 21
246 230
373 387
339 119
294 265
235 200
104 153
83 87
47 10
241 240
366 301
302 284
69 32
186 19
355 101
209 124
21 217
28 277
174 334
20 255
165 63
358 354
276 339
107 181
122 61
389 118
305 160
387 139
76 40
227 122
41 234
330 344
323 290
37 45
296 364
164 175
33 80
32 346
395 3
116 25
204 203
78 340
365 341
71 76
349 18
147 135
192 270
274 385
353 117
234 96
220 127
188 368
158 316
224 333
73 207
230 75
378 36
96 228
260 219
118 84
14 216
278 250
368 74
376 267
243 147
250 220
328 141
182 95
308 397
381 268
166 27
176 112
259 392
364 338
197 121
77 110
115 379
394 363
242 237
200 197
205 116
237 83
371 360
183 381
124 168
65 137
195 182
31 312
187 183
113 29
36 60
320 178
112 199
196 173
1 242
30 159
321 295
184 349
396 309
271 259
292 296
85 236
44 221
152 55
390 144
346 378
157 51
7 285
137 41
172 260
299 332
247 402
119 17
211 196
347 174
369 48
343 278
179 172
309 33
168 126
383 151
354 351
132 157
61 88
67 67
161 300
155 42
324 43
98 180
81 20
228 198
350 357
108 294
291 347
270 303
135 106
199 329
55 78
301 383
357 372
386 150
233 53
190 386
244 54
372 161
245 279
93 244
236 98
332 252
59 187
117 336
89 352
363 251
27 318
214 218
397 2
5 257
80 24
325 374
87 73
75 399
377 293
290 57
210 128
348 201
101 348
56 134
9 49
35 261
391 391
150 93
194 9
370 396
160 375
251 210
8 337
178 283
40 331
283 145
153 355
314 248
257 1
29 328
311 253
268 271
345 188
4 129
307 389
103 225
351 264
272 369
198 103
279 26
175 100
134 70
92 22
95 382
356 211
86 131
133 311
138 208
125 136
74 314
212 82
60 77
208 107
399 235
352 91
334 156
50 71
146 398
54 46
293 395
393 330
261 86
181 243
298 299
295 13
79 317
46 232
128 146
306 4
331 280
398 30
318 315
277 256
16 322
338 365
240 384
189 249
45 64
136 192
102 306
84 102
202 287
288 85
57 115
262 176
322 224
392 170
58 358
106 149
256 254
275 231
249 44
225 56
312 390
315 148
19 185
229 165
206 52
123 58
99 305
26 388
252 282
282 39
340 320
219 226
51 350
248 99
380 324
342 171
62 269
70 291
15 16
126 23
304 366
149 307
281 274
100 15
223 47
110 247
388 380
140 370
254 356
266 193
66 345
287 34
333 6
173 246
63 14
88 179
91 143
213 68
232 371
231 266
43 158
239 206
10 233
3 238
170 111
286 133
18 362
90 195
379 140
335 113
169 66
263 97
171 125
300 28
17 59
25 37
303 400
6 108
48 130
144 90
215 302
361 281
216 323
82 65
11 367
317 308
316 104
131 359
156 167
64 164
109 361
336 202
127 335
222 222
129 138
68 401
280 114
267 11
326 310
163 186
105 342
38 169
367 241
12 229
39 393
72 155
111 377
385 62
341 154
285 209
300
193 29
87 241
103 139
163 88
217 122
131 169
145 124
67 225
93 285
245 168
266 229
173 302
155 110
239 16
144 82
206 118
88 99
79 272
152 36
108 41
78 244
208 5
36 129
235 161
48 23
168 237
65 9
124 273
289 87
2 279
202 73
269 146
243 142
24 257
212 79
122 204
90 216
128 60
11 7
4 120
60 174
106 47
241 56
248 21
247 102
227 58
249 221
154 166
285 46
254 70
276 137
12 1
275 48
265 186
41 131
213 3
232 173
45 104
290 33
51 34
302 202
50 93
10 136
101 300
19 30
89 187
102 89
153 26
15 12
47 71
83 222
69 140
56 177
207 81
59 54
190 134
61 101
151 100
35 50
46 217
92 77
138 13
192 20
297 114
34 238
180 248
196 291
31 256
9 198
125 281
210 254
84 38
54 185
18 251
72 24
40 190
279 91
199 52
20 184
272 249
38 154
64 31
116 32
165 44
115 107
179 132
236 109
255 4
126 97
8 119
166 53
27 287
244 74
218 115
99 233
278 201
170 195
82 206
188 242
140 175
224 162
238 183
184 182
220 252
240 167
127 246
197 22
233 62
114 144
150 96
167 165
185 290
52 103
73 277
7 274
149 227
221 218
66 231
172 40
105 95
147 219
205 72
53 125
258 66
187 276
74 141
282 126
77 153
109 163
256 157
261 78
229 113
3 39
16 188
268 297
107 271
123 180
44 298
200 98
14 112
68 260
5 212
17 90
264 194
162 275
26 67
230 64
91 11
134 292
169 235
231 127
111 76
225 138
156 150
177 255
183 253
95 121
181 192
157 94
262 28
250 68
58 42
288 27
246 158
55 295
273 179
148 178
71 148
37 181
301 280
280 278
112 128
49 284
119 228
263 193
76 224
209 230
292 19
133 176
164 294
13 282
201 85
104 223
257 65
23 209
211 117
175 239
191 261
228 196
81 191
146 152
283 164
39 75
57 301
287 263
298 83
186 57
96 262
223 250
270 155
174 108
252 18
94 92
295 293
30 35
86 80
132 234
129 105
143 243
100 220
159 208
137 130
222 264
113 189
194 226
62 37
63 45
182 151
42 211
293 14
214 63
284 143
139 172
32 215
216 49
29 17
33 25
251 266
277 207
237 171
267 205
70 296
234 286
135 200
142 213
260 269
158 43
28 84
1 299
136 160
22 116
299 265
198 10
219 6
80 159
121 289
85 55
215 199
271 214
253 283
120 268
118 170
97 267
296 2
75 86
189 8
281 203
110 156
178 210
141 111
274 247
259 123
6 59
204 149
203 147
176 236
226 61
171 135
294 288
98 270
195 69
117 197
130 258
25 145
300 133
21 15
286 232
160 51
43 245
161 259
19
17 3
19 1
21 9
15 19
2 14
10 12
1 2
9 5
13 11
3 13
16 21
11 17
12 15
5 6
8 18
7 10
14 20
4 4
6 7
63
60 49
56 4
1 18
20 32
59 29
14 57
51 28
25 53
35 64
52 26
61 24
44 22
16 15
38 1
37 2
28 14
42 34
4 60
58 46
50 21
48 44
32 23
24 37
17 42
26 65
55 48
12 5
65 13
15 8
6 43
11 45
29 40
34 63
64 3
22 10
23 33
40 9
45 55
53 62
10 30
49 39
41 31
19 51
54 6
47 61
5 38
39 41
57 16
63 11
62 36
27 19
33 56
31 58
13 47
18 25
21 20
46 50
8 52
3 17
7 27
9 7
30 35
2 54
13
8 6
9 15
5 9
14 7
10 13
13 5
11 2
7 4
4 12
15 3
12 8
3 14
1 11
27
15 26
23 28
5 15
26 12
20 16
11 17
29 1
27 24
14 18
2 3
10 22
24 23
12 8
17 29
16 25
19 19
13 10
21 21
9 9
28 7
3 11
18 2
7 27
25 6
6 14
8 13
22 20
31
18 27
11 33
14 21
24 17
2 6
26 26
21 23
3 32
28 20
17 7
23 1
10 2
31 8
19 12
27 9
30 4
20 22
33 24
5 5
15 14
22 25
32 15
4 28
13 30
29 13
25 29
6 18
1 31
8 3
9 16
16 11
57
9 26
8 39
44 58
37 40
26 29
36 51
34 8
41 38
3 54
51 32
14 21
6 10
27 4
46 15
16 50
29 44
57 46
58 5
55 28
17 2
22 36
52 11
19 16
56 23
23 31
42 17
31 6
39 47
59 55
47 24
5 34
13 43
1 22
15 37
7 42
32 13
21 20
40 27
38 52
18 45
30 3
4 56
12 41
45 9
20 12
53 48
24 30
2 25
10 19
33 49
50 18
35 59
25 1
28 57
43 33
11 7
48 53
36
13 29
7 23
21 30
36 25
2 20
38 4
26 16
29 17
23 38
24 9
33 36
6 13
20 10
34 6
32 3
30 22
25 24
35 35
28 15
10 8
18 37
15 11
27 14
17 26
12 32
1 12
5 7
9 5
11 34
37 2
19 28
8 33
4 31
3 21
22 1
16 19
39
35 18
36 22
19 21
28 38
29 13
15 32
27 41
26 2
2 15
22 35
14 14
41 11
16 39
7 30
5 33
10 24
38 34
8 27
18 40
30 7
3 20
20 36
1 16
21 25
4 17
9 19
17 3
11 9
39 26
24 28
25 10
40 5
34 37
32 6
13 12
33 4
23 1
12 29
37 31
2
3 3
4 1
5
2 5
6 1
7 2
5 7
1 6
24
16 14
26 23
4 24
5 2
12 18
18 3
8 4
6 15
24 5
11 6
15 7
20 19
22 25
23 22
13 1
21 21
2 9
10 16
7 20
1 17
17 11
3 13
25 10
14 8
57
47 41
46 59
43 16
7 57
29 7
57 36
26 53
50 26
17 23
12 37
55 46
39 50
54 52
28 24
51 27
1 1
10 44
44 2
48 6
24 10
23 40
33 17
22 32
4 54
53 8
52 19
21 47
31 11
19 5
59 58
9 43
18 29
2 42
30 31
5 56
25 22
16 18
58 28
37 45
38 30
15 35
13 20
49 33
42 13
20 12
8 21
3 39
32 15
56 34
34 4
45 25
11 48
40 14
41 55
14 38
27 49
35 3
55
34 2
29 41
1 42
49 8
55 1
57 25
12 51
36 53
45 34
39 56
25 24
30 55
26 15
23 4
18 3
38 7
51 44
2 49
35 27
9 14
17 52
43 23
6 50
15 5
28 32
22 28
10 45
56 57
27 35
4 12
41 47
21 17
3 39
50 22
20 48
53 30
31 21
37 11
52 13
46 38
54 29
16 10
24 33
13 36
40 31
11 43
7 9
5 46
19 54
42 37
44 40
47 6
32 19
8 26
33 16
60
32 54
50 26
45 30
14 34
55 45
22 20
54 35
57 53
59 14
47 29
25 23
56 5
33 31
37 24
26 28
18 39
38 48
39 50
36 46
3 19
52 61
24 11
42 13
11 6
27 17
5 18
2 55
30 51
8 8
34 62
16 16
21 52
7 3
60 57
15 47
17 37
23 12
10 43
4 1
49 49
44 32
35 58
61 22
51 41
19 21
40 36
41 40
43 7
48 27
29 15
12 9
13 2
1 4
20 10
28 33
58 44
53 60
9 59
62 56
6 42
8
10 9
1 3
9 5
8 7
4 1
7 10
3 6
6 4
13
8 9
10 5
11 7
1 1
14 4
9 13
5 11
3 10
12 14
15 2
2 15
4 8
7 12
51
17 49
11 28
22 44
34 14
49 31
29 15
41 37
4 52
1 19
14 30
26 36
16 5
21 50
48 3
52 41
3 1
40 22
28 47
13 29
25 4
43 32
44 20
47 46
38 35
42 53
6 25
31 11
15 45
10 2
45 48
23 38
18 10
2 16
35 43
24 27
39 8
27 12
9 23
20 18
53 9
30 24
7 6
8 7
19 13
37 42
32 33
46 21
50 40
36 39
5 51
33 26
44
3 2
27 33
5 22
30 46
35 12
33 1
37 5
21 44
38 13
28 26
7 21
2 9
42 18
32 28
16 38
41 20
18 16
44 42
1 17
31 10
23 27
15 29
40 8
46 45
8 34
20 6
19 14
14 4
13 7
17 23
10 41
29 39
11 37
43 36
39 31
4 15
26 35
25 3
34 11
6 24
36 43
22 40
9 32
45 19
2
2 3
4 4
30
21 4
32 32
19 21
23 6
14 22
26 8
9 16
5 7
24 13
4 20
3 17
18 15
15 29
13 26
22 1
31 5
1 14
27 31
10 11
28 30
30 23
2 24
29 25
20 3
7 10
11 2
17 9
12 18
25 28
8 19
21
3 6
8 1
10 11
5 13
14 16
4 12
19 14
11 15
6 23
20 18
23 8
9 20
15 9
1 21
12 5
21 19
22 2
17 7
16 4
2 22
18 3
35
35 30
14 4
34 29
22 14
37 28
33 5
24 16
7 37
18 18
6 7
32 10
27 11
25 8
17 20
2 26
12 21
11 15
10 3
28 32
13 6
15 25
9 13
36 22
4 9
21 2
30 34
8 1
3 19
26 35
19 17
20 12
16 36
1 23
23 24
29 33
62
18 54
25 9
13 7
35 6
20 29
4 28
55 37
38 45
50 36
23 61
29 23
61 31
53 43
9 32
49 16
11 30
41 14
42 4
6 21
28 47
46 62
32 48
34 34
8 19
44 46
14 12
58 44
33 40
27 58
62 59
2 35
59 18
24 27
47 64
64 42
7 39
17 25
37 5
16 20
22 33
36 24
60 13
48 2
43 15
54 49
31 26
56 11
39 55
12 38
30 52
26 50
3 22
51 1
1 60
10 56
15 10
5 3
52 57
21 53
19 8
40 17
45 63
44
16 40
12 30
10 18
21 44
38 23
5 15
29 35
36 29
8 31
11 36
41 7
43 25
30 20
22 5
9 10
32 2
40 19
24 17
15 28
45 27
25 3
17 39
44 24
31 42
46 9
37 4
3 22
6 46
23 37
42 13
26 43
7 14
28 1
18 38
1 16
39 26
35 12
14 11
33 21
34 6
19 45
4 8
13 34
20 32
13
11 10
1 14
13 8
7 9
9 1
2 12
15 4
3 6
12 2
14 15
10 5
8 7
4 3
26
12 13
9 17
20 14
21 6
25 3
27 28
4 1
24 24
15 23
23 7
1 9
6 8
10 18
19 2
16 27
11 21
3 15
7 19
17 4
18 10
2 26
26 11
14 12
13 25
28 16
5 20
52
33 38
8 5
22 24
17 41
24 12
36 21
9 34
54 32
28 2
53 49
47 29
13 43
1 14
46 3
51 51
10 36
23 54
20 48
15 1
14 26
4 13
25 15
2 9
27 25
5 11
6 46
48 7
35 40
43 23
38 27
52 47
30 44
37 39
50 45
12 6
11 33
34 35
3 37
29 20
32 22
21 19
7 31
18 28
49 50
16 16
44 42
31 18
45 4
41 8
40 17
26 53
39 10
37
34 25
16 30
13 35
5 17
33 36
28 1
39 18
24 4
15 7
1 26
31 28
23 3
36 14
11 22
29 29
17 37
38 10
8 20
3 31
19 11
4 39
27 16
6 21
2 2
22 34
7 6
37 13
20 19
18 24
21 23
12 15
30 38
35 27
25 12
9 5
26 33
14 32
6
7 2
6 4
2 6
1 5
3 8
4 1
7
5 9
4 5
6 8
8 1
3 7
2 4
9 3
17
8 16
1 3
6 11
5 15
18 9
7 4
15 2
19 12
13 7
16 8
9 13
17 1
3 6
4 19
10 17
12 18
14 10
12
13 13
11 11
12 7
3 2
7 14
9 12
6 4
2 1
8 6
4 8
1 9
5 5
59
42 51
34 6
26 11
16 3
59 17
3 44
19 30
12 50
38 36
53 8
29 19
17 55
23 34
57 57
27 24
11 12
7 45
10 59
45 9
58 23
30 29
8 49
54 4
61 46
31 35
25 5
18 18
40 40
47 1
2 15
13 47
48 28
9 41
43 53
14 27
28 31
49 10
55 52
35 33
6 61
22 58
41 25
15 37
39 38
60 7
37 32
52 43
24 22
4 20
32 26
44 56
56 16
51 2
50 21
46 14
1 42
36 60
21 48
33 39
42
18 44
42 4
2 18
26 22
23 38
3 43
6 31
14 29
43 12
30 20
15 25
5 13
9 30
22 1
19 10
4 26
11 5
20 16
13 11
36 14
41 17
34 40
1 21
40 19
31 9
8 34
37 6
7 41
12 27
39 8
44 15
17 2
21 23
33 24
32 28
35 7
29 42
27 39
28 3
10 35
38 33
25 36
36
18 15
17 9
12 13
25 11
15 27
20 38
19 21
4 17
13 30
35 18
3 12
10 29
32 32
6 37
24 33
27 28
7 35
14 5
9 23
36 34
37 36
21 6
28 20
30 22
29 24
1 1
2 7
34 14
33 8
8 25
16 10
22 4
31 31
5 16
38 2
11 3
48
30 19
20 40
25 1
48 48
49 38
4 39
35 43
37 16
11 25
9 22
29 4
8 8
33 46
34 11
26 13
22 10
12 41
41 5
18 33
3 15
39 35
5 28
19 29
45 14
44 42
13 45
36 2
31 21
23 12
28 37
47 34
43 50
24 6
6 20
32 3
40 44
42 36
50 7
46 18
38 9
14 30
15 23
21 26
17 47
27 32
10 17
7 24
2 49
20
11 6
15 7
7 11
14 20
21 15
3 5
9 14
22 4
8 10
17 18
10 2
13 19
5 8
6 16
12 21
18 9
2 1
4 13
16 22
19 17
38
19 31
38 27
32 38
16 25
3 21
40 9
28 29
31 14
5 22
14 2
15 23
23 35
34 19
21 17
2 4
33 37
4 20
11 16
8 18
13 33
27 15
35 8
25 24
12 34
30 40
7 10
29 11
9 3
26 5
37 32
17 6
24 26
36 30
39 36
20 7
22 12
6 1
1 39
22
23 20
18 12
11 11
5 18
13 16
3 10
17 14
4 1
14 24
9 8
20 13
8 7
22 6
24 19
21 23
15 4
12 15
1 2
6 3
7 21
10 17
2 9
11
6 9
5 13
12 1
10 8
9 12
2 11
1 2
11 10
3 4
13 7
7 3
21
14 10
20 15
8 6
17 21
7 1
10 7
11 9
22 19
4 12
3 23
13 4
18 18
16 17
2 3
6 20
23 8
5 2
1 5
9 11
15 16
19 22
57
56 52
27 36
21 1
54 9
57 21
52 41
16 13
49 51
42 31
26 11
6 8
17 57
34 17
55 40
30 23
3 37
22 3
35 47
13 59
37 39
47 49
45 14
32 7
41 45
11 46
29 50
48 15
23 54
38 18
19 22
43 6
1 19
2 42
10 26
7 38
51 16
4 28
33 58
31 4
18 35
12 33
36 55
40 34
24 48
46 32
39 10
25 20
8 53
9 29
59 44
14 30
20 24
44 25
28 43
53 12
50 2
58 56
55
34 38
17 48
8 10
1 17
31 4
47 43
39 33
16 30
19 19
6 12
12 3
20 9
41 7
27 45
22 26
15 8
54 46
40 20
26 5
24 47
25 35
42 50
44 31
5 21
38 39
46 1
4 54
9 55
37 40
50 36
52 13
45 23
18 27
36 32
30 16
2 49
33 11
7 52
29 57
32 44
51 56
21 53
49 29
14 15
10 25
43 2
35 42
28 34
3 6
55 18
57 41
13 28
23 24
56 22
11 14
16
2 6
7 14
12 18
10 1
16 2
8 10
13 15
11 12
6 4
5 11
4 7
17 5
15 17
3 13
18 8
14 3
35
36 37
13 12
5 31
12 1
22 24
15 15
1 10
28 30
6 14
34 35
10 2
20 6
23 36
26 5
4 7
3 3
21 34
19 8
2 29
18 22
31 27
8 9
24 21
25 18
29 32
33 20
7 33
37 11
11 26
17 4
14 28
30 23
35 16
32 19
16 17
29
13 14
5 9
30 17
20 22
12 18
26 30
6 13
9 3
29 25
23 19
17 16
25 21
18 20
15 28
7 23
2 24
27 7
16 10
11 15
19 4
4 31
3 5
28 27
10 8
21 6
24 11
14 12
22 26
31 2
5
5 4
1 6
6 7
2 2
7 3
42
28 36
34 23
22 41
19 7
7 3
33 24
41 29
11 9
25 31
8 32
17 2
36 4
18 42
35 12
43 18
3 13
5 39
24 37
16 1
26 33
14 44
32 15
21 16
15 11
10 8
13 43
20 35
9 14
12 5
39 22
27 6
31 30
23 17
37 20
2 25
38 26
42 40
1 28
40 38
44 21
30 19
29 10
51
49 40
19 1
9 28
47 32
12 8
26 2
8 48
31 19
34 47
16 22
6 21
46 10
36 38
29 12
24 30
52 18
50 42
45 3
17 4
15 31
13 43
35 50
7 33
48 16
14 34
23 5
11 20
41 44
33 9
2 36
3 25
20 41
22 15
44 51
28 52
42 11
1 49
25 45
37 14
32 26
51 17
53 29
30 27
4 35
40 37
10 23
21 39
5 46
18 7
27 13
43 24
10
10 6
3 5
7 12
1 10
12 8
2 9
4 4
11 3
5 2
8 1
58
3 15
5 10
4 18
16 22
49 20
10 47
42 14
33 37
21 42
28 5
54 30
32 46
45 9
55 52
50 25
30 36
7 57
29 58
1 3
51 49
17 39
15 26
38 56
47 53
41 12
34 60
13 13
8 32
23 16
52 50
20 17
48 54
56 28
22 41
24 6
19 44
43 21
9 19
37 27
2 43
60 48
44 55
46 7
40 40
39 11
59 24
57 8
25 33
14 34
53 29
36 4
18 2
11 35
31 23
6 51
27 1
58 45
26 31
25
27 25
22 18
6 9
24 14
3 11
10 27
1 22
14 24
20 23
11 16
7 4
26 20
19 2
12 19
13 21
5 5
25 13
2 6
9 3
17 7
15 26
23 15
4 12
16 1
8 17
11
4 7
7 1
5 2
13 10
2 12
12 3
10 13
11 5
6 11
9 9
3 8
54
2 56
39 1
14 49
16 19
8 41
9 14
29 34
37 3
11 54
6 4
3 46
35 31
41 36
54 48
7 38
15 47
36 11
45 2
17 50
56 21
53 39
43 51
51 13
10 45
26 40
12 7
22 20
46 25
20 12
38 23
18 52
21 44
32 5
47 53
30 27
55 17
50 24
23 43
4 55
48 16
44 9
25 8
49 30
19 10
40 28
5 32
28 29
1 35
33 15
24 6
27 37
13 42
52 18
31 26
43
34 25
31 29
32 35
30 44
6 37
11 9
41 42
17 32
43 39
27 20
24 30
8 10
5 45
9 40
40 21
13 4
37 26
33 22
1 11
19 6
16 36
42 2
39 41
20 5
15 19
14 7
4 38
22 15
3 12
26 43
45 8
38 3
29 23
23 1
18 17
10 14
2 13
12 18
25 24
35 27
28 28
21 16
44 31
56
27 17
23 55
24 23
13 34
9 39
5 38
39 10
15 46
26 3
7 42
47 57
45 5
16 44
58 11
18 28
48 52
22 40
41 6
54 15
14 8
20 54
34 4
19 31
53 51
4 43
2 16
38 35
8 13
25 1
6 24
55 18
51 48
11 56
56 20
17 2
50 50
52 45
21 47
49 33
28 37
36 22
46 14
3 41
12 12
10 27
33 7
1 36
42 21
37 9
31 19
44 53
43 30
40 29
32 25
29 58
30 26
22
20 11
8 23
15 22
6 9
3 20
2 2
21 21
18 16
22 24
11 13
23 19
24 6
16 7
4 3
19 12
12 1
14 4
5 5
9 17
17 15
13 8
7 18
63
18 63
30 45
59 13
57 53
41 54
47 32
27 25
7 48
23 23
28 30
12 34
3 11
44 33
16 59
8 26
17 36
61 27
51 55
15 64
13 14
38 19
10 42
64 7
6 49
62 18
58 8
35 29
2 15
22 52
52 38
56 10
5 44
4 41
24 1
25 47
46 24
11 5
20 2
63 43
36 39
60 4
45 6
31 35
19 50
26 61
65 56
55 3
54 16
9 58
53 21
34 46
40 20
39 17
21 40
29 28
33 37
49 51
37 12
48 60
1 22
32 65
43 31
42 57
38
37 16
30 7
1 11
35 27
6 24
13 3
19 29
29 9
31 23
4 5
34 13
32 17
3 12
38 4
14 37
25 22
18 31
15 19
23 10
10 34
24 8
26 36
36 26
40 14
11 28
20 25
9 15
27 35
33 20
17 2
5 30
21 21
16 1
2 18
39 6
12 38
8 33
7 39
27
25 18
18 14
7 10
13 26
14 4
9 27
29 21
16 5
22 20
8 25
28 1
23 13
11 6
20 8
2 17
4 23
5 28
19 12
6 7
1 2
12 11
24 16
27 15
26 3
10 9
3 22
15 29
32
11 10
17 8
24 15
7 34
6 25
19 12
1 30
20 7
29 14
34 33
3 4
13 17
33 26
32 29
16 16
9 23
27 32
4 11
31 21
10 2
25 5
8 13
30 22
2 3
18 28
15 9
23 18
21 20
22 31
26 6
14 19
28 27
12
8 4
10 1
5 10
1 11
9 14
11 5
6 6
7 9
14 2
4 13
13 7
2 8
63
63 22
15 27
21 23
5 61
50 28
45 42
19 43
33 58
11 64
3 35
31 41
41 24
32 25
47 62
61 9
28 46
51 40
58 51
42 53
7 16
4 52
57 34
17 31
56 32
49 59
23 2
14 1
18 4
24 7
37 60
62 63
38 8
53 50
9 56
10 54
43 57
65 30
48 36
40 19
64 65
46 20
35 49
16 13
25 38
52 29
59 3
39 26
29 17
36 48
22 45
60 15
55 44
34 10
8 5
12 37
20 55
26 11
6 47
13 21
30 14
1 12
2 6
44 18
28
13 17
17 4
10 1
5 20
6 13
19 19
20 22
30 27
25 26
29 3
15 24
14 14
22 16
2 10
16 7
9 18
26 23
8 2
27 5
28 8
3 25
18 9
1 30
21 21
4 6
11 12
7 28
23 29
2
3 4
1 3
57
28 37
21 36
15 26
48 27
10 14
35 17
42 21
36 51
37 11
30 23
57 50
31 46
33 40
56 19
14 12
47 9
18 44
46 13
3 56
17 41
24 25
34 49
55 52
6 1
7 45
58 31
52 30
8 42
23 38
51 6
29 54
9 10
38 18
27 8
43 47
2 15
45 4
22 59
44 58
16 24
4 5
13 53
41 3
40 7
26 2
54 22
53 43
11 57
32 34
5 33
12 48
1 16
49 20
39 39
25 35
20 29
19 55
57
52 6
17 26
58 23
18 47
56 24
24 22
16 46
57 51
49 55
43 39
8 13
35 43
37 32
26 17
48 10
21 38
9 27
50 16
6 30
15 15
11 9
36 40
22 52
25 42
46 44
47 1
33 12
59 41
4 2
42 33
23 14
34 45
10 25
14 37
54 53
29 19
27 11
2 59
45 3
1 36
55 57
5 21
32 58
31 4
53 54
40 20
51 5
19 50
3 28
41 34
7 29
39 56
13 49
30 18
12 35
28 31
44 48
62
8 43
28 15
43 45
53 48
6 33
31 49
47 59
48 51
39 18
23 34
61 61
64 58
35 47
62 26
36 1
55 2
13 62
5 3
7 57
14 4
25 9
40 13
42 21
44 53
2 5
38 11
20 12
9 10
58 6
24 31
1 38
10 50
41 42
16 35
56 37
30 60
60 23
21 39
51 55
49 28
37 30
17 19
63 27
34 64
29 17
33 20
15 41
32 22
19 46
59 52
50 63
11 25
45 36
22 56
4 24
57 29
3 7
26 14
27 54
18 40
12 32
52 44
64
29 63
14 64
26 7
6 62
37 55
46 56
59 44
44 31
52 65
53 18
47 50
3 23
1 22
60 24
36 59
20 43
8 45
16 37
38 9
23 30
51 53
50 48
65 32
54 25
17 19
9 40
34 51
61 5
57 28
4 47
58 26
40 60
28 10
49 33
62 41
21 1
43 46
39 12
48 27
45 15
19 54
66 66
30 34
63 38
5 14
33 29
32 57
7 20
56 52
31 4
64 42
25 21
41 11
55 17
35 35
12 13
22 61
10 3
27 49
18 8
42 36
2 6
11 16
24 58
9
3 3
10 11
2 6
1 1
7 10
11 8
8 2
9 7
4 4
5
3 3
7 4
4 6
5 5
6 7
2
2 4
4 1
65
42 20
8 11
27 66
58 10
48 24
13 1
43 16
40 34
53 50
3 51
61 23
11 55
45 18
29 59
46 56
51 62
44 45
21 15
39 39
18 49
12 33
50 63
67 26
33 2
37 61
36 40
56 42
4 67
54 38
63 8
64 19
49 46
38 53
17 28
62 58
59 27
32 48
9 13
35 64
6 29
16 65
47 47
5 9
60 36
7 5
34 3
30 57
28 32
23 41
14 60
1 25
65 17
55 4
24 7
20 31
26 21
22 52
66 37
25 43
52 30
41 14
31 44
19 6
2 35
10 12
50
35 19
46 24
17 31
2 17
12 33
3 42
26 34
15 41
44 35
38 40
10 28
14 2
48 37
32 32
25 12
29 9
33 18
37 45
51 44
34 30
42 11
18 1
24 10
4 7
49 36
41 8
6 23
30 14
28 6
9 29
27 48
47 39
23 16
39 26
43 27
21 15
7 5
31 47
50 50
20 4
13 43
45 3
8 46
5 52
16 49
52 20
40 13
1 38
36 22
11 25
42
31 13
44 16
27 18
16 40
35 30
13 25
43 38
22 32
42 28
6 6
12 20
24 1
25 4
38 24
2 29
26 31
14 8
9 5
20 7
10 27
36 37
17 12
29 10
32 21
37 41
40 44
4 23
39 26
34 3
18 11
33 34
3 22
28 14
30 35
19 36
41 39
7 42
23 9
11 17
5 19
1 2
21 15
22
17 21
14 22
22 4
24 2
12 17
15 5
18 20
5 6
23 24
8 18
9 10
6 23
3 14
21 15
4 12
10 11
2 9
19 7
13 1
11 3
7 8
20 13
29
11 14
20 12
24 26
2 20
27 21
9 25
12 22
17 23
1 5
25 29
30 15
29 9
4 31
6 3
18 2
28 27
22 16
7 7
5 11
21 6
14 4
31 24
15 13
23 30
16 1
19 17
10 18
13 10
8 8
1
2 3
2
4 4
3 3
22
19 20
9 11
4 2
12 23
7 3
3 1
21 24
5 18
23 5
13 13
15 10
8 17
20 21
11 6
6 8
14 14
18 7
10 4
16 16
22 9
17 12
2 19
52
16 52
21 35
40 50
7 47
18 3
44 46
9 16
13 45
42 54
38 28
19 44
34 4
32 12
39 33
5 19
14 9
27 27
29 21
8 22
47 5
51 39
41 2
53 8
22 29
49 6
17 20
33 30
31 17
10 15
11 37
46 42
4 23
23 51
15 31
2 34
12 24
36 11
30 53
48 36
6 48
37 49
35 41
50 13
54 26
43 10
20 1
24 25
26 43
28 38
25 7
3 40
45 32
4
4 5
6 1
5 4
3 2
32
17 28
12 13
24 10
27 5
33 30
9 11
26 29
25 31
32 21
19 7
22 34
1 22
28 12
34 19
31 1
8 27
18 32
16 15
29 33
14 17
23 8
4 20
13 2
21 6
20 9
5 14
30 4
7 3
6 16
2 23
10 18
3 26
9
3 6
10 4
2 2
8 11
1 8
4 3
5 10
11 7
6 1
37
27 15
34 26
5 23
35 3
12 17
28 32
25 10
17 34
6 31
16 38
21 1
37 29
8 19
1 36
9 21
29 33
7 35
15 13
33 9
38 30
20 7
36 6
32 28
30 8
18 37
31 14
3 39
2 5
13 22
10 16
11 25
26 2
24 18
39 12
23 20
14 11
4 27
50
46 4
9 34
4 31
22 20
2 35
27 38
42 14
44 33
28 47
8 19
7 30
15 44
23 9
52 21
37 48
24 36
14 50
13 10
47 11
18 3
25 28
11 45
45 2
34 27
17 42
19 17
12 37
35 25
51 26
36 8
41 40
31 49
32 7
1 18
20 1
10 6
50 39
5 51
3 46
16 41
39 12
26 29
40 22
6 16
21 32
49 15
48 5
43 13
30 24
38 52
1
2 3
44
33 44
16 7
34 13
31 16
19 20
7 29
44 25
37 1
38 45
13 23
32 22
42 14
24 37
46 41
26 32
20 6
18 39
15 31
39 10
5 4
25 28
30 17
29 36
43 38
12 21
36 15
28 19
14 12
4 30
45 18
1 9
6 24
11 2
40 27
23 5
21 46
2 35
17 40
9 43
22 42
10 8
27 34
3 26
41 11
35
5 7
14 15
25 18
1 1
33 28
8 37
30 26
2 31
3 29
23 3
15 8
31 24
37 4
17 32
22 34
24 13
9 11
29 21
27 27
4 17
10 22
16 25
20 5
6 30
32 9
34 6
11 2
21 35
36 33
12 16
19 14
35 23
26 36
18 10
13 12
3
4 3
3 1
5 4
31
23 17
22 19
28 12
19 32
21 8
14 25
25 22
17 29
26 24
31 21
15 3
20 9
10 1
3 28
2 33
9 10
33 7
5 16
13 13
1 2
16 5
24 23
4 26
18 30
29 14
7 27
11 15
30 18
8 20
32 31
6 6
37
20 35
11 12
32 39
15 25
17 23
21 16
10 13
28 11
37 6
6 34
29 7
2 20
30 14
12 27
33 24
24 31
25 1
9 32
7 8
16 26
22 37
36 30
34 18
38 21
1 28
39 3
19 5
35 36
31 17
5 4
13 10
18 15
26 9
4 38
14 19
23 2
27 22
25
13 23
17 24
22 21
21 9
9 4
27 5
5 8
4 1
2 26
1 11
20 6
16 18
8 25
15 27
10 22
23 19
24 20
26 7
25 15
7 16
18 17
19 12
14 14
3 10
6 3
64
54 20
43 25
66 47
14 36
42 66
21 13
52 12
31 58
53 51
4 26
29 42
48 1
39 63
15 57
62 17
1 55
10 18
6 48
47 21
64 23
55 6
32 56
24 52
51 38
2 39
35 14
46 54
17 37
38 32
58 44
3 65
12 7
13 27
56 33
20 50
40 30
11 3
61 4
5 53
7 15
45 34
57 28
49 9
26 60
36 61
28 40
63 16
60 41
30 8
65 19
18 24
22 46
27 43
34 2
8 49
33 31
23 5
19 29
37 10
9 35
16 22
59 59
41 45
50 62
