409
2 1
2 50
4 2
5 5
42 48
47 38
50 50
50 25
25 50
12 48
2 23
26 42
18 14
38 46
26 23
47 9
45 13
33 4
9 16
14 11
44 32
34 39
38 16
28 35
24 50
35 9
47 17
37 2
46 6
8 43
48 33
21 12
19 28
35 38
2 45
38 21
50 28
50 39
34 15
49 41
25 23
39 4
14 50
26 3
17 32
2 31
16 17
41 13
6 8
50 26
23 44
29 34
43 4
26 29
8 12
20 22
14 8
39 32
16 35
48 18
28 29
11 34
7 5
27 48
30 37
26 11
39 28
9 41
50 16
49 42
28 42
24 13
42 48
40 21
26 15
12 45
5 49
27 3
10 14
10 16
11 5
34 23
38 9
44 14
17 45
22 17
32 5
12 35
31 26
14 18
28 30
4 23
20 30
50 38
16 16
22 44
4 4
50 1
40 27
3 13
24 14
3 2
4 11
3 35
42 14
16 48
16 19
34 34
29 37
36 42
2 18
33 7
2 21
46 17
41 6
3 36
24 2
8 47
19 23
7 42
29 24
13 7
41 41
21 48
25 9
45 6
48 20
31 45
36 3
47 33
32 40
11 16
35 19
15 11
15 3
5 25
47 34
22 28
26 16
43 29
38 4
29 22
50 48
44 16
27 49
11 10
20 2
40 19
46 25
6 32
48 4
33 25
30 30
28 11
10 4
42 29
50 22
11 27
18 35
31 19
14 24
25 43
24 41
28 24
17 16
48 15
28 38
20 23
36 37
34 4
8 17
7 38
7 21
35 20
44 8
23 34
15 9
17 9
49 39
8 34
43 12
33 30
27 4
40 11
39 41
23 50
27 9
42 10
3 20
22 38
11 37
2 50
4 9
43 37
39 26
47 26
44 24
5 21
20 50
27 18
31 1
30 40
42 9
34 26
42 12
37 37
15 50
21 21
11 49
5 40
48 30
46 15
44 17
46 27
41 26
48 37
37 47
23 3
26 35
34 25
22 41
16 3
40 17
12 19
34 41
22 14
39 18
15 2
42 31
47 1
23 20
49 43
2 30
10 41
32 11
30 13
34 32
29 48
27 22
39 11
30 50
24 40
47 43
49 14
40 31
49 15
20 36
13 37
3 5
49 8
37 49
29 19
11 40
44 35
26 9
50 13
40 5
21 10
44 15
41 46
46 47
20 21
5 31
16 2
17 25
38 34
3 9
34 22
7 17
16 33
42 7
46 30
3 11
31 48
47 24
28 10
23 23
27 31
26 40
50 3
6 49
48 36
17 14
19 36
28 2
5 23
25 20
21 30
9 25
25 12
34 17
35 43
6 47
29 44
30 18
4 25
43 47
34 7
47 10
45 20
13 19
15 19
28 3
46 22
43 16
45 45
22 50
38 2
11 22
22 18
7 31
10 28
24 11
42 16
40 4
25 4
29 15
20 5
9 17
25 25
28 22
14 27
30 4
31 20
40 36
31 34
18 46
7 6
36 6
6 10
26 20
46 1
12 30
12 49
45 36
48 46
20 25
32 7
23 2
21 4
29 31
35 10
38 25
26 5
10 21
47 28
28 31
6 43
2 2
17 6
18 21
11 6
6 22
13 4
16 13
2 28
46 9
30 26
10 49
27 8
46 36
17 33
14 28
50 20
45 40
18 3
22 26
29 28
9 9
16 49
3 15
37 12
35 3
18 29
23 24
34 50
32 45
49 24
50 42
43 15
40 47
43 19
19 20
46 18
10 48
48 47
45 49
21 18
23 7
50 19
4 24
41 29
44 10
34 13
22 48
24 19
32 4
46 35
23 12
17 31
25 1
35 26
6 20
15 26
35 35
34 11
13 22
28 16
22 34
