98
2 5 10 2
1 5 0 0 100
1 25 0 0 100
1 3 0 0 100
1 4 0 0 100
2 5 10 2
1 5 0 0 100
1 26 0 0 100
1 3 0 0 100
1 4 0 0 100
5 10 5 1
5 27 62 36 100
5 41 81 12 100
20 0 555 3
8 555 731 1056 1234
5 555 3829 309 4321
7 2018 927 1931 3333
5 20814 27645 39785 54321
7 10958 3958 20298 33333
8 8264 11938 6378 12345
763720 129808360 12754053 1
763720 64542433 21197820 117877269 258961984
763720 138453872 151021996 102071067 196497793
100 5 5 1
100 43 9 82 100
100 21 76 58 100
1000 100 20 1
1000 1523 9384 3881 10000
1000 3220 7381 7583 10000
10000 1000 10000 1
10000 38590 948594 183947 1000001
10000 9829 736615 103746 1000003
100000 10000 100000 1
100000 738492617 394038472 37583946 1000000000
100000 584938717 48394726 228038471 1000000000
100000 10000 10000000 1
100000 738492617 394038472 37583946 1000000000
100000 584938717 48394726 228038471 1000000000
100000 10000 100000000 1
100000 738492617 394038472 37583946 1000000000
100000 584938717 48394726 228038471 1000000000
55 123 10 10
1 12 23 34 3428
2 84 27 47 8372
3 82 77 46 3748
4 26 66 84 2647
5 18 74 57 4747
6 27 27 59 6947
7 92 48 69 9876
8 37 35 93 4747
9 46 96 84 9200
10 84 58 47 3727
1 64 36 59 3573
2 48 39 69 4726
3 26 58 39 5729
4 27 48 69 9999
5 92 37 57 2748
6 28 48 69 4728
7 19 23 45 6673
8 94 58 58 5746
9 11 11 11 1111
10 22 22 22 2222
1000000 1000000000 0 2
999999 123 456 789 999999997
1 123 456 789 999999997
999999 989999999 1 0 1000000000
1 1 1 1 100
1000000 523 140000149 2
500000 1 1 397 398000864
500000 199000037 1 397 398000573
500000 1 1 280 281000527
500000 140500113 1 281000364 281000644
1000000 192 72500013 2
500000 1 1 748 749000220
500000 374500668 1 748 749000714
500000 1 1 145 146000639
500000 73000009 1 146000701 146000846
1000000 75 20000026 2
500000 1 1 47 48000593
500000 24000032 1 47 48000629
500000 1 1 40 41000439
500000 20500039 1 40999980 41000020
1000000 308 117500060 2
500000 1 1 385 386000245
500000 193000110 1 385 386000589
500000 1 1 235 236000790
500000 118000186 1 235999992 236000227
1000000 834 291500300 2
500000 1 1 609 610000781
500000 305000584 1 609 610000181
500000 1 1 583 584000315
500000 292000314 1 583999661 584000244
1000000 622 181000121 2
500000 1 1 772 773000545
500000 386500478 1 772 773000001
500000 1 1 362 363000288
500000 181500187 1 363000479 363000841
1000000 995 381500501 2
500000 1 1 564 565000770
500000 282500132 1 564 565000349
500000 1 1 763 764000407
500000 382000160 1 763999436 764000199
1000000 482 165000145 2
500000 1 1 136 137000943
500000 68500045 1 136 137000163
500000 1 1 330 331000541
500000 165500321 1 330999751 331000081
1000000 1329 367000451 2
500000 1 1 489 490000108
500000 245000080 1 489 490000305
500000 1 1 734 735000780
500000 367500336 1 734999754 735000488
912293 77 233528751 1
912293 296516493 64523468 283176053 472191495
912293 1455261 40812040 74551798 124019292
1000000 138000060 13986 2
500000 1 1 308 309000700
500000 154500002 1 308 309000017
500000 1 1 276 277000723
500000 138500074 1 277000451 277000727
1000000 308000077 30958 2
500000 1 1 139 140000372
500000 70000056 1 139 140000238
500000 1 1 616 617000461
500000 308500066 1 616999884 617000500
1000000 1094 41245 2
500000 1 1 168 169000715
500000 84500105 1 168 169000794
500000 1 1 809 810000883
500000 405000211 1 810000028 810000837
1000000 943 44796 2
500000 1 1 155 156000726
500000 78000115 1 155 156000512
500000 1 1 892 893000216
500000 446500003 1 892999741 893000633
763720 129808360 127540513 1
763720 64542433 21197820 117877269 258961984
763720 138453872 151021996 102071067 196497793
1000000 158000034 158000280 2
500000 1 1 286 287000493
500000 143500039 1 286 287000830
500000 1 1 316 317000839
500000 158500090 1 316999994 317000310
1000000 418 181000140 2
500000 1 1 904 905000692
500000 452500516 1 904 905000365
500000 1 1 362 363000684
500000 181500107 1 362999688 363000050
1000000 19000026 3094 2
500000 1 1 89 90000360
500000 45000029 1 89 90000302
500000 1 1 38 39000230
500000 19500006 1 39000108 39000146
1000000 873 385500713 2
500000 1 1 88 89000259
500000 44500026 1 88 89000279
500000 1 1 771 772000002
500000 386000521 1 771999916 772000687
1000000 1515 418500030 2
500000 1 1 180 181000275
500000 90500094 1 180 181000401
500000 1 1 837 838000836
500000 419000554 1 837999862 838000699
23726 291558065 113607118 1
23726 108665329 164503642 189713300 231901798
23726 55805967 20479663 39291778 72918963
192012 984556979 348932414 1
192012 159119510 31020328 88493410 724708978
192012 166949632 890791969 401814863 963982385
393641 887153270 344849886 1
393641 70622728 244547839 640005397 656154749
393641 328062453 697447951 541335588 763673641
454978 285542255 480507475 1
454978 829072689 30399328 411944964 940044913
454978 27103974 49028866 66400503 194149017
835933 875498901 516267895 1
835933 118331223 690899097 135776337 915895724
835933 241985278 299444919 588293588 654716462
150759 770857084 346758332 1
150759 371674419 547672088 252566471 929027624
150759 201222331 78696199 25225582 265679237
35795 631822806 467608272 1
35795 474037693 565037690 137946666 736230501
35795 314985824 527786924 581818308 744417310
279753 823273017 225204599 1
279753 241462469 422105119 267392248 482644521
279753 385483115 837527445 643425212 945262267
673096 447 201 1
673096 152 265 137 368
673096 461322377 216819460 399647721 547837015
179518 197160443 63338613 1
179518 111349819 33097478 83209751 130795158
179518 600190042 177584853 632883502 738962688
500797 496879632 133053693 1
500797 125985164 48887164 180073526 288866481
500797 110814550 128983644 87104148 142444203
273855 418305831 263595701 1
273855 357389344 138091042 251151505 471426187
273855 52597095 402916081 412904481 574736834
579261 573327974 274193117 1
579261 344502828 616095339 609435404 694809333
579261 469133151 173535892 171072879 605075993
593370 287926717 363246336 1
593370 543271499 389680037 235075457 672965183
593370 78227701 206565018 5593085 426523427
897732 572775116 88768283 1
897732 101037885 49900252 58646551 213431185
897732 37046179 104155175 88859056 130528598
743351 352477093 313601843 1
743351 452071392 250273110 391493970 601176815
743351 115795771 653667492 504587913 666759145
705861 275566896 551015205 1
705861 570605605 812217827 19932904 924057670
705861 104812124 195759036 38360799 241375101
676736 613683665 394938067 1
676736 303341418 567794909 669910940 712040275
676736 3765172 3985962 2015537 7551768
37098 61247170 153254703 1
37098 131654204 90982927 91399884 314027314
37098 701889734 334432748 144388882 934797316
132736 308350199 328580239 1
132736 305865983 638605011 622928738 984041351
132736 673748387 703838230 117504495 926828462
403619 636362778 28872114 1
403619 8983705 1822325 60281711 86074341
403619 140904865 94995992 3578748 164907999
106394 153369898 127040542 1
106394 338565200 91561174 56518969 360573835
106394 89899302 123005469 131000263 200774144
620359 255564076 580260201 1
620359 448207776 478125938 581159962 882244969
620359 515802197 268243566 422514303 570954551
643367 750974278 490009337 1
643367 306188561 549873663 662825545 900872451
643367 92242138 141534824 231297940 385501021
61472 869718428 55764570 1
61472 60006452 105559692 61443424 119826604
61472 212148999 141233056 312900713 676848855
341908 413746601 493308825 1
341908 253088462 351986006 484666393 863065041
341908 572871972 318029254 232930764 655389286
221893 666429186 417676828 1
221893 731927184 6994569 858591654 965604408
221893 112865464 271229872 124591504 436604534
321604 400438673 160999591 1
321604 125707058 102182486 166782309 320132683
321604 34283492 183234747 260426571 355799215
944639 51 159 1
944639 77 367 164 386
944639 156425023 61375684 124471371 642849304
697747 950847560 116872599 1
697747 87184156 19423151 141707503 178469279
697747 430801990 442393734 171592282 540389694
362937 239065360 81391916 1
362937 91524690 62403530 100940722 127702971
362937 69450386 241065890 272487865 697516138
909358 64180853 140298529 1
909358 213397064 250492995 251944937 330813095
909358 457462281 296930605 123356934 777152005
777046 382638826 215316678 1
777046 219748164 348664984 223138334 373141480
777046 541421291 153124490 257475026 759013688
836022 607377893 200778336 1
836022 234236909 254233001 170742151 359117344
836022 117282145 645760163 629819585 771276950
984297 458028407 383269568 1
984297 154904830 511463024 337079453 800976836
984297 91274831 273854176 435323511 685181733
638625 351275198 130667965 1
638625 93087401 37728763 38152461 202512619
638625 373971325 380455791 338983579 421196100
953152 875079832 336193226 1
953152 525799244 499402213 399814452 550649572
953152 16414647 415002457 406517423 645026039
777545 998592737 507658461 1
777545 733498899 472234767 518333537 856500879
777545 379642 892064 2712852 2838356
485608 463362667 235730999 1
485608 295398210 192982419 47131310 423474543
485608 144106395 6205825 40669804 299888226
29020 62169752 464064633 1
29020 248470835 215441411 519685519 977011160
29020 19935262 207320642 486956380 601996666
101719 737482156 183466807 1
101719 172276446 426256626 248426304 437751094
101719 367871439 806294982 813302306 944382403
393304 325706444 363708357 1
393304 339266190 523932233 367172668 616259774
393304 352737365 488382521 502949778 695938009
177643 853317636 301386448 1
177643 138227064 346785080 78627151 522005810
177643 230364902 238236727 22253403 777751749
302914 678308014 292924662 1
302914 34724079 537993897 308262770 711672137
302914 4664783 1312679 31419519 47314815
839851 717901127 257999021 1
839851 107354622 642530719 428905575 696108809
839851 387286014 131346036 721343018 872868744
51363 559229674 270209076 1
51363 393376636 497672532 542222588 554147271
51363 713296607 190639028 579307976 787597128
856064 71626634 314699589 1
856064 542106862 626025063 581994405 836610063
856064 322715361 461544699 323631760 897133411
344645 787936494 534269912 1
344645 789597611 185398774 447172502 904476423
344645 122670262 174855193 222013014 252660952
18249 150 551 1
18249 277 371 36 847
18249 194423046 44056626 615686326 675706211
731355 640364745 481877379 1
731355 612958240 462022939 500470152 743283983
731355 634218203 672042045 498748632 878717811
89110 215804728 98857607 1
89110 147658382 106631698 21194229 151381441
89110 910082872 907726288 542668133 956640349
946999 973863802 173171391 1
946999 83511478 138840514 96265305 326236961
946999 117341956 103364017 25385079 167504929
181483 994682591 452873537 1
181483 724190415 241101093 125278535 725262428
181483 3675183 107530 121348894 132791167
372489 617332401 50113176 1
372489 74053114 39882077 27786615 114893152
372489 716153557 4863130 470621707 868766021
649224 616771637 164047843 1
649224 395302943 273046566 151037605 463910465
649224 201274068 289483502 38992627 301221034
134183 794277229 178459189 1
134183 200975534 203591523 324987984 447504189
134183 195335009 253124818 179421336 321682370
808385 248208777 494678827 1
808385 233115648 633138454 472727698 785303684
808385 399912775 559826583 232627379 569331762
78925 970144500 161990974 1
78925 45758155 164276852 208416855 484841977
78925 616797478 154329298 350135572 749767749
234485 848186930 394232683 1
234485 278590554 403702770 596412872 808295702
234485 12572617 13341865 70239070 106723981
901276 536610916 588628753 1
901276 441307098 275474042 84752549 941355911
901276 39488186 171701785 523366843 556868932
653664 55816009 54793584 1
653664 30758149 46797723 114772450 132056721
653664 149636291 133406986 55752212 174089471
974468 864212640 220504007 1
974468 207482216 133428647 109997060 432180356
974468 228292695 164067627 245302683 364043081
972267 836560273 66696208 1
972267 37408888 128686209 111911881 196276284
972267 55806665 71417701 21985229 80644021
729904 342035465 444770407 1
729904 189842352 233522696 854568680 888195540
729904 371023640 273221031 266993026 411252384
829910 981133322 72927659 1
829910 78667038 34335107 80865502 187073398
829910 244576536 251902875 43350975 321558735
