104
3 100 1000
3333 3333
4321 123
1234 567
4 0 50
30 30
10 10
40 20
20 40
7 61 34
241 69
924 30
580 70
649 68
453 15
599 82
242 81
20 167851000 757147
336971124 301413356
160567225 659598368
4890851 391749387
26239572 35766290
597006 473038164
326051436 3615544
118341522 392289610
37215528 170427798
168544290 675016433
950090226 683447133
116752251 82426872
706221268 194041604
257655783 69909134
21417562 84970743
40873980 37379060
80835680 8670528
653352030 436291072
374079500 106923810
86546364 466701606
480572136 247776867
50 18589266 803705043
944712569 873478544
918861907 655714741
750664721 822860056
742066371 230077556
509530363 134786933
699655096 535558588
250997192 268065591
775710612 275647267
392292603 592169864
661842552 466202650
637767107 202799413
164549208 645381720
653632680 805499900
161978592 467303450
109371924 697942390
437403823 269439812
264169054 91428094
90780081 299376326
959484679 12335082
457111988 938382891
559274678 755682412
692696105 673748814
96630401 302057344
688348313 99308814
990239703 69819316
415150642 794508470
839372328 806111618
326644422 801386306
656297589 341234092
907388327 54739150
7325529 46200957
156334509 210326910
911122406 621278503
550999889 650733037
460994958 410212093
304887118 430620470
808209756 65113891
641379696 926587156
579163625 32719513
760663490 367629711
852021119 653617952
177080168 930340576
572262778 148693838
838171548 608225093
615633517 918077700
93162092 746527360
843094813 294236431
860999962 339328421
417931314 90561151
279670373 360338140
49 446489881 52362922
609524850 45582072
820737733 170927732
956664597 704882817
139852500 600359915
891557801 507205641
960125095 947529616
223416241 179683067
109158750 213778182
487226198 334088546
768049836 95275126
162860935 402064999
426732229 299345570
426339897 780888164
939178353 564097418
27240656 12221093
303018051 973865908
766684310 156521666
521087457 61669916
516802181 870140089
15467632 978120144
157272446 747731366
848008972 514408519
969908718 896792822
374441934 247694264
150903447 695247117
477957532 900252751
666872016 476899772
372349175 512615105
274359953 751747038
540118875 619417338
656274860 676726694
591291065 489960071
433492509 379505551
842654505 405744777
764776316 94283739
424356510 600865096
647242631 198322373
512973007 768527737
814545380 925932872
562813239 468346643
628610789 69327498
875601716 460067783
806602625 800122854
972184656 474923800
728680851 284896801
906220573 168177984
639029471 461852547
586540287 776296758
499759351 845325128
2 685998469 107316291
206505503 552029729
326969577 213220097
2 970370804 73494795
157008279 554662048
111589362 949807006
46 685369874 249481769
540793730 885144937
468537568 739266245
299989359 358468695
373704215 407238800
752446042 565998082
664823463 802961294
159240045 637003840
759384819 862231239
518341431 908544234
73288738 694986473
418861323 596188900
445543217 193355441
684640002 452924794
767341227 826714594
44704055 338647139
393337870 372149290
226610669 980091446
777676668 847092110
756836275 868880308
148430597 47408279
886904526 606919303
150116515 410531302
278375001 640070137
144842702 472780741
370232088 325200643
242939672 578252855
150559079 494568302
652968899 488279067
59477064 540070626
698169043 265969449
668265227 677063227
660847565 578451260
565635481 518078739
402107152 280960145
353785181 793350499
634885585 740814146
461446351 331752257
999058859 466461141
530405280 939437256
993601003 727954162
842138492 932267545
747191897 453259824
637071744 789878647
820839863 721666567
581491768 208151950
256454115 350146794
45 557959638 9784709
512502638 805524450
877273360 506040178
199301205 197478384
758241698 9702275
192683755 470358998
407521929 242755571
774763446 978817113
526386825 436584726
37234819 910273692
540383489 810943284
220109148 675056622
103432775 474979668
180574194 53161469
934623454 40050356
246935163 195122637
991020389 515707210
122899436 137901902
491171270 704683600
722128546 240038676
315227437 90089347
602039943 340976612
568626975 41120700
572627803 769922860
906805121 592617890
247767115 837697043
699772549 70321395
489552696 984143041
202315844 724831610
734570670 471172388
783878860 199549558
447979307 238136431
26125704 687666093
268059455 563067944
907842966 247883
516074126 791452278
643334879 567437412
30127183 787872745
797916901 817218145
15762700 37578936
916341110 47863716
755398111 924025178
583988685 404697799
443280469 578343078
30759335 106593330
732235804 622853594
44 500441214 509797728
58963883 906653551
580550240 963220286
645133459 324692260
735726470 286221851
506990420 513300555
166444232 369958151
115864346 785354431
862640164 859633092
354389427 488135852
164549583 80582000
987529723 69342800
676168292 551622104
37387864 307020118
461048887 982433624
601728865 230220743
744158148 732056936
647625882 609199788
627979083 799593929
992521050 898984006
880788341 883223627
893123534 284307434
205107503 274491191
830137714 956918937
295262813 704070031
592334436 516009237
851652799 469195303
403758721 890386932
77900489 652453763
251083623 828276416
19188267 942784247
208639825 813367771
930851939 966395022
655423846 887185396
654456987 881474162
146777444 18631458
919610455 429292063
544778067 904967936
581398010 297784922
101198223 361068269
272580830 43447349
557189493 941437048
43137292 524624204
59271336 50384345
751379092 741857048
1 666576027 364618380
53093209 217787658
5 291872680 75088811
879208773 421050244
798434419 80718909
378056156 7753908
635787559 531655069
284765456 198308724
41 233022380 809584205
173083058 837159475
877693874 590172108
171695375 210495370
190295258 73029232
702653261 501227006
678080207 465845443
811981870 482847369
19980509 440097679
96190621 312550701
200562723 456314013
854710309 574860264
635418604 977464747
997953820 888161756
171637973 810870666
26253249 237212786
318774801 155244532
45840400 421010818
614681087 208180954
6122522 104866695
609162550 988450704
679589459 727065025
65718887 578920236
995586954 141977251
671341586 92100950
128491190 811081761
195224126 151832142
965915198 254441883
734506205 361873430
372807740 748205821
598062002 813178325
822214177 545034145
98652212 622914412
864653849 644351802
239156693 165564357
283238387 646507385
46625787 251775554
625320402 86576532
553393492 905449094
154452573 771872300
115501058 913002691
427544458 591037718
4 814456067 585524661
761859924 74114895
26183173 853059210
394657766 895174737
968809625 931648526
39 390148302 696164014
285452715 252401314
53924359 572218160
163055065 187076991
203928611 854155150
622238433 693074045
757347282 47372643
741253728 212797865
971389731 644498420
655879113 404219029
553325441 384574368
703538016 721627393
297423661 967541321
950891891 990571777
623496439 461761652
337053070 449359470
661336402 695380300
636627928 151019280
350255148 563680449
936101782 649611239
320652601 384251545
515771603 236337212
926980571 764027344
548239489 596699665
648577305 986549388
559578295 356284472
528502487 466487575
485647387 761618238
812891622 476753747
729006855 522697635
746409465 910543301
250629937 380815715
951933171 964020285
816739916 97378885
793760638 672294615
1826239 352401659
662661387 998766722
124824825 775713048
252287167 199569055
505487721 361675159
38 812195634 271878951
721180748 877083758
7338161 225535033
381586801 401294773
224825841 596163315
594890944 369230208
92515864 624547345
157556898 365695701
196888298 595991305
544192356 464542092
770991931 79512630
412525248 614470151
507573154 802110755
5865170 819086761
280854448 267574911
379143365 395064701
501819402 829830144
258077837 574443733
173887025 252705040
43219902 445779695
612947180 899254843
464318247 225692001
343470140 164141393
736589104 557949384
982263113 521324745
454903021 184873269
69826052 788437502
254559728 265675921
139716898 894660236
47859372 917831446
121143460 389897369
463177066 670078792
117507759 270113732
783138844 817166348
847358152 337772945
614057195 258388651
90032027 320413934
562209134 276119206
57393874 625418611
37 266479737 520712985
954695227 765278296
310690064 851585605
89288795 975836148
627901384 172206997
187559676 114563753
767403295 303379470
188107033 391328544
456870395 787245829
922101462 598376571
756027286 313562296
447062722 268939265
270981915 3270409
21373053 303985499
601849007 326422660
445191013 584620431
640249741 33789877
50851891 353161413
572253316 286449591
534405519 221978213
293250136 561833226
359895596 687570126
296418599 63260239
581943793 131556753
381561330 615986331
377784912 576568930
265784366 671445886
554740659 742846116
598316953 724788245
771141521 170983603
277579436 442158989
290348229 464206039
760415836 283469528
840965388 51436875
176852686 351996857
686171736 348716563
40978298 347440090
321139115 328337567
36 994884049 839164529
849698565 367620092
892536981 4606903
692895355 352453648
17657944 402799605
166596928 982425721
214230902 611807762
809596666 441044338
199569555 171047041
981955159 294876247
685223379 7343600
573624056 448108589
720112114 931437869
776673570 128980117
991909487 105712708
29941240 393937829
483029035 463411435
71191372 622819292
784742854 619072768
172947138 80648630
911814376 503188002
390801633 590676923
470263906 715452764
382207935 473796351
562309066 755941877
587751806 833524905
862107164 819197999
159396850 441377984
318740835 567279659
897242999 200131028
795796456 503072257
867647591 54972209
521980055 180460880
559899540 539887611
260399272 748441814
844886774 486945858
753608681 340939146
35 781201472 34590485
550683586 207420953
456715989 678981002
601186900 828069015
643653 564906025
556282674 526989275
96064843 999167337
193104476 489818640
622458745 367917920
326824778 415156084
857351006 451771061
82349776 388030612
823069393 458935442
831581092 64813631
978454784 95592167
376064110 675648669
90678035 299127508
31277446 687734107
698110849 121838368
453045838 501774075
897312238 30297316
724739114 970195281
91887550 115195463
192720671 514201867
671765309 671546721
318538760 111221349
785633120 921983808
671367278 964524798
948490817 99705095
209519629 698134215
782745624 29833524
69804001 973693464
698007276 948840188
822263015 235460828
126759646 854516687
333809270 694366957
34 300956415 676736568
12614456 651992957
131617222 398772645
365026230 891473336
675579870 88648233
632572022 563627
415952708 552933945
341468231 760406255
117648691 560355684
301775600 130596107
457129343 594923186
525570006 404388813
919028298 835360469
401364295 454340561
58010974 6187378
451477605 97776927
284281132 498524060
188133803 154366817
973298019 143439389
742989199 288364834
506480263 469743377
410258268 929581284
518575175 461383317
219043311 377398252
630178394 943479419
9794643 538687326
277452020 599317511
751828847 210375939
686895111 526001202
432707466 248309659
750991756 414319771
106813413 400049371
268275447 955400459
716723975 313544137
149129636 117092357
17 929014080 566446503
424913336 420290276
709441841 199870176
922488230 595310572
410618286 477250282
526259599 915537840
35709956 183508581
704238904 94967569
270780865 398638147
774406249 141813753
865421595 186559187
499221327 525452825
682397642 6583385
406256193 144240154
985026732 75534879
874411221 578856181
164369116 784498110
321140063 104533601
32 220170938 89260073
770369145 138717450
604954567 457916716
991008601 783344053
534430308 318789271
736106113 648346619
364985277 474328690
143490663 912669081
126222527 593431195
245838563 145261413
482773182 759696600
855960058 76623439
16468891 803076157
599616982 699471809
758196954 200348069
909273406 659372739
547746885 34927767
74495611 186086566
970591869 178514669
81186839 737447824
570231192 51272851
431446678 904081175
602671079 327536379
32558097 129383682
648709272 872186
487550270 250320850
361616041 554514658
353471269 739997369
394841492 612554502
839615742 745655181
749415653 519914692
617121173 437841628
276560489 209970673
31 687600497 641150564
33746530 559594365
59238920 88839912
72686563 354857871
668084284 542091538
521147130 213085255
617156369 26312410
870337937 179593764
371121560 16169984
659752605 759102977
715180974 578114070
441975383 864121133
656554750 993967920
818717349 376018236
410941740 212480407
846954753 488986999
581975445 659559948
535441985 669027977
340204089 194928244
103352210 564143782
137378374 606326194
536583699 126363682
86471192 692810667
746065657 361119176
989247636 540334981
635023952 592624604
489234409 628784175
368371190 879873866
704583701 114193359
149828577 162359197
220720081 230698336
270540912 889367011
19 399586489 60210653
543957550 227332735
513531928 851153101
125118419 248460132
491945482 143256093
39287712 361364743
236390219 338096071
424869148 828539495
644844326 830469376
5346341 772408828
401645616 317481296
940369683 226612507
713859260 685652095
62676767 268359707
403832830 676877702
625745592 11668295
180607168 404181222
537712691 258380346
179514090 374226096
483095002 18015931
29 964817293 347765710
304470159 651185115
160342394 353738870
409013369 614395631
304949929 780424751
504374727 490069625
729834576 466061233
5341181 855930373
677716180 396542844
62162590 694621854
523445267 578354190
871347677 380212878
805902445 993668291
951996223 58601648
196586982 178888696
457090885 537535893
448163023 809918771
743282291 575894929
915296388 504970554
835248173 572825675
531151991 504114835
630978999 349938902
918718051 288528081
383228103 1860504
387868789 339222049
708402846 433194867
595747709 569587288
440976250 682862829
471888015 764130995
434242620 668823377
9 110021161 374132206
148666890 139976200
211761802 440308611
441191826 671686080
894023412 932659600
639668909 25903915
818884604 749276666
939513005 800930088
181780587 662858099
401250358 398621364
27 505714364 539754897
526096078 990149950
831271813 703986736
470197968 507743425
833169935 921472928
415091310 526725190
262141924 8913348
533333025 100890598
640783969 380651406
878926009 955197944
136504906 893474042
437100306 326679860
600803079 205963127
3982354 530043031
561863931 316295825
253705003 59299311
178670088 144212704
46061269 41149145
492515007 877083642
190121043 220356362
747910824 140658567
64832120 422326210
351476290 423655875
303752880 294529914
773182383 634890806
382910364 744481096
243040624 835283675
136669009 968180311
6 188405365 856980043
437852059 362451360
84137478 534960877
297527167 276556861
638074716 966282196
629418080 927968959
655709186 945844688
8 557514704 329095544
749809708 563270327
254280559 555903512
706445674 338814950
489744080 767728344
413170745 47020136
167920048 705280
8495600 508582822
155684871 777185591
2 292019345 985616923
811386565 776006271
675740210 728722267
20 852458502 776934101
373036943 269745491
510896287 296241446
778065562 631554210
529495127 353573162
615231370 662112064
19953016 198433350
359504881 641987408
699763319 564179336
962926213 277830308
443343484 503889173
411074575 634804624
453936803 401680867
983929576 818359545
984090446 731475458
901619709 361362798
603382007 911831427
723847053 147677074
983732428 976547827
357601083 793259515
519726304 974155893
13 685641185 201037972
297366392 541905907
594009693 719072017
346060828 967117428
26741345 899322353
449871647 82371524
710900030 609437182
1719677 792173828
183384514 730300437
977109677 700532224
303385107 169381490
881132810 467488274
589341258 734770785
381687781 413760097
4 355976432 873627612
756555795 400665670
577321528 839016690
127386466 205402184
430625309 212563563
20 802746148 924706550
778622744 188376506
461717090 727656966
853189356 573032379
761899094 387765917
945284085 613008947
363819264 477865424
880418499 334957172
278134637 423829424
765337359 466114306
892976387 753867521
741536555 268570656
880900284 270837265
951410589 621162144
953510731 498322509
115168507 333001444
398393622 549737147
103874978 256097140
258759080 874569575
649058133 68165508
556484244 154896065
3 289657983 492598235
702201090 686180374
591189208 313969511
627646137 54432024
1 957836135 33477322
107256409 388457774
5 784817838 536357813
536741488 962260083
278456537 88658728
539333602 645069911
364728529 554705199
407620668 742289915
22 924778805 519800998
726594888 179842083
180236755 633361203
85605084 361455826
725900057 420623405
722363551 708666841
300217630 959169349
238441559 521430460
224587278 621385233
349225028 975632479
428465511 216513380
921619474 600150339
423000089 672479121
348871074 104194224
864468830 148314783
670141896 920284030
784528847 706717737
198431257 862885491
560168662 560993756
661374093 691421195
708518257 162324013
404588659 192941990
284365023 115270107
16 643464791 448761711
859301885 315929560
971357088 604889560
345630558 558172734
940703333 988084587
610578274 468929521
807915411 420252799
823064274 297161072
987565308 913264442
753363259 437181384
87346048 444731649
691097631 433102490
983867410 467508746
210642830 916138305
119769782 490370816
306118186 289523735
900078913 633712738
24 427741548 648793962
780451640 891481062
678427057 296822393
944727834 229632810
806920872 777136036
694918383 420571013
814777526 76015923
566192982 626688802
748599095 906207162
241335559 595499943
658583693 158407018
807298206 747253404
698125948 492792293
507912074 201318624
936892334 772960074
168999445 641430875
381073898 879801641
101780981 174084903
996749820 490444802
779833961 600964528
229561018 640778500
547036071 14059003
330647003 267961761
940658146 573896508
170355582 89616692
13 48861048 750014813
28659456 10800886
645059634 4081961
252031278 30921365
710366307 47891061
978935906 16954347
700529299 7011512
16509499 28053196
242477183 34820317
745647393 42780258
114331756 14383598
785364956 37829339
281582447 18656810
60780002 35010532
33 832157085 477133114
418473317 33981628
135257914 995546132
470085773 831081349
391917311 390978382
560496002 710146066
768468128 928846018
820476790 596823353
237915288 164290529
14361737 964679386
750666541 333365800
726030939 968858794
103589115 232755888
87531824 12908303
580977979 348691395
917906979 943419795
695004750 497422239
693241044 948866457
801228683 118366269
748834789 482118239
240154273 312538834
965034920 350807498
6744783 549778902
255108335 576754095
281936488 447799321
245075556 624738513
385242574 390608697
103774826 735492078
448760859 465797919
301699748 923619850
772890161 597472996
456453472 977408805
560924360 619234719
565934986 725788776
18 775308739 563749912
383795573 187329318
975340759 109638880
704710456 703043341
344627829 701002422
267333554 907420505
483351905 484637590
761234560 449128569
276936408 968287647
736071932 888154214
271781129 691760381
30345303 163631501
682351282 461262864
948280227 406631303
588881560 540975737
971606811 645016199
997050848 162757205
986462325 345705693
871257189 855426186
24 119663288 561607734
632224043 697329988
203135415 112847178
430781095 732099526
770125357 586448192
463731356 309591471
852525729 739943487
321984375 567598356
724020130 195301183
537077255 769388174
508055690 675390683
356574233 197999462
882087730 461720058
591817253 261574995
452529070 505963507
850271604 883488491
344545229 696251739
448080117 49838554
591624720 150463782
33057592 271005323
5243361 621190160
865639865 155792848
21208773 361439216
516730656 203208
510013166 551536220
40 538278204 528628977
206104410 600631509
758757148 548231006
474552425 432984777
515781999 515524356
925603090 690300214
701767306 896651222
64398536 926660082
913300880 342935939
478255445 630336550
564142267 716193425
753209250 246633625
186231210 515016386
287130381 907158046
118653463 488448329
145185902 40657205
218230031 265883912
979197568 636799017
932520017 603582164
469425108 990814641
696898364 67468272
832959320 874988470
451019629 430611357
497992576 939042871
948836090 251582921
249094160 383446593
184123462 371069669
28603016 385842457
413343621 170490069
341675816 41710462
506261455 795197185
957215909 367526152
11535324 455130505
719697836 862728794
135394708 968676737
736571225 287914992
956760266 520824873
727437252 618456783
533587416 274199535
631096895 745239537
370549295 208883847
16 480486384 207967531
947822251 936114928
470501400 732906127
984230919 622709258
841988107 853307313
621847175 777774350
179115763 986213091
578779902 967969907
328431820 832317115
482637686 914917162
105702956 623277184
232920783 970568103
581851555 528428557
1500990 953467542
405347902 906612483
238114736 758951266
484648562 552032922
6 853065096 110836343
504519174 390809414
768453710 214582199
268696003 635374458
465146693 259781135
455612978 321945833
518847674 752415752
43 948476714 572047669
788462561 701139508
885058068 387370100
314145312 205355140
260417030 788030240
987927478 240958672
691693747 739316593
595434072 307582602
922101829 663908015
209239920 113844521
964789918 804063812
535816229 777869779
338150587 321009789
853052064 366047656
563867186 324082910
904154699 342640295
297292507 124901919
237698896 836181315
253798523 774164729
770813793 934358070
937791161 399801286
801590623 413394130
72688937 6125711
410539405 267722492
780540882 795814724
385041193 466911638
778130997 881108598
928246438 401252992
491770528 900154856
914046202 158776315
125808145 734324007
254857383 432058126
67166402 798545494
164664608 224874839
378659588 931728581
894858407 819773087
874215221 594403664
950495991 262470666
413040776 799929525
671584571 611233959
583320431 62410371
122631895 528930454
158411229 544827122
779109010 309833323
24 662981144 75223125
599285941 761606306
789173856 141481130
234102361 813356804
694309789 44444747
967267748 818495180
326978808 210706023
295017689 12519629
449845983 519668690
763172601 391587440
55961243 411794691
579332207 88396659
4445673 617765699
836298101 244701370
560031984 42011683
45556591 229596584
147538473 481128485
48586213 195600007
679692009 806185849
567967514 973696543
368717961 101802212
904580685 181412455
633677369 457243326
491538828 109167704
882879326 612170770
21 380564702 140936354
759356391 423001337
346840296 864257955
703263902 890712221
138274675 547494639
150981697 647249437
940027971 454642380
62175095 423601306
652691355 143598634
447058761 662142726
572390167 721583425
357386964 802660093
261654941 727171386
446259949 175342636
293493960 798702002
878954494 77343797
729139558 917142069
223547084 284192032
442815326 872700612
728970942 484089017
404010802 659126606
560690499 878608273
8 282388038 467240608
98047385 518954814
885104574 823381707
219200599 222527770
548001901 914689219
984510109 108288551
579751428 171943104
111861949 611286828
321332793 942508403
43 613021682 753116632
568197057 516108577
29656679 260368734
299143474 639255560
411575864 181826978
681542836 333304650
90223214 478309930
300720356 54586649
697833566 70038507
649554059 257087085
975724896 585522649
601520894 300551618
15498278 511748280
735566162 131647770
982949777 908386354
41428547 880415370
299998649 291305685
605869940 249891510
261177632 524280224
563890763 844507874
675590265 855337192
527985247 225881244
813529234 796095956
584999809 905735390
794220365 17317217
178003860 423566310
835755525 17703295
483459078 159443489
415831192 867104346
555003626 281073221
961956629 805479347
304480181 764377213
832332292 303191146
281339584 388251468
631355425 356583262
190641211 783522034
432301391 624994285
610569051 96126305
342034966 488706129
768013786 449931856
348260298 874252340
506072156 919201065
563052639 960126632
294900559 220096545
34 447014931 229048602
945739924 284275583
745796191 82464114
259599243 677259333
372695637 101380415
87957598 470478002
637791236 59206947
887135091 635256844
975438937 489587880
520556323 148089965
398765011 375371782
517713084 845195938
946487377 981511319
94178209 736539088
327288976 446682538
835685759 405057788
754735865 709068532
280306041 621665437
962079269 940360313
937597869 183229179
55137818 956670846
441249926 409227083
616649644 151112620
798082109 562230495
30511914 4695110
709603337 252707762
704017470 321564774
134118540 308406947
456654448 887428491
946200771 17607920
496378130 807581047
807112959 260087693
343042561 508624328
746083375 539304778
392181403 194624359
35 502432739 662699359
334148929 891227284
503963036 145747413
480311227 191439897
858507677 948377739
810274303 259297661
952484236 761787956
907374649 510488584
44432115 968580416
156337911 52570186
367112515 764905760
943207964 345046976
893883516 935384778
461949925 532190322
946875694 722953876
634346977 262030701
421150637 692451086
625791834 703248484
763587788 573459161
342019780 46071705
484315539 707003975
753493803 749158302
506398629 761952941
801034908 24173022
379112653 363390662
193252998 163484074
797118802 170247327
841989733 905618656
733518202 995052811
7683276 605326798
443951775 73533296
986025236 931521290
40360460 937024464
329645563 655199523
38733809 379194640
610672730 756881503
10 144701157 194598620
187215006 480774619
873085864 581899586
676745402 242938434
750265227 307591836
567473674 190257405
503546091 829492804
265428478 710931207
649216958 678890332
706080239 404796558
109290532 90156288
31 698433574 618613792
77855500 518589920
280732067 774720616
248758149 696280954
735973017 636536912
91058341 732564650
802373227 881722084
326432134 673362148
61600273 564094743
621803371 295773348
982523241 477436181
93143461 192960536
434731578 20006068
752858151 138243038
109120708 902639370
489076394 542929893
794110461 977926424
443098740 925789808
69032306 147168164
762122442 570216251
649461944 644517412
858428401 966421686
265729162 494957783
982514913 819062635
472476036 93309934
186432394 603602308
954604669 400256485
653342137 511618153
660898481 953329788
73634899 324476330
684596035 412930825
921807843 873464957
39 219043900 103530735
51619141 180487563
922265925 206690774
929089886 209127933
432098520 184935801
99256106 107263183
867330549 201890509
112375996 135733534
825306360 169992966
705927876 190979799
312127137 130954085
165603811 129208545
366490655 201190366
881801020 159586113
66186220 148876575
254044792 155471293
364829060 129209911
984028661 155053092
682610202 161360866
873675874 107527662
255985291 168687260
613163154 186377445
86068183 157367057
5131438 170335805
183806990 136654584
941081015 188810330
247639096 123469352
171886135 162713857
368102762 206359493
941155709 213467535
753640111 133092652
618853558 189239241
930823004 119549494
693017777 169947833
124083607 107291608
692296204 150362945
244901616 187745095
656210372 206428783
934161975 197870986
115481008 131830667
37 103085058 724177197
482828708 961517579
26929716 460877287
703520749 288395109
325058573 605519062
482134395 222237927
437435420 209931642
170965397 450403141
546146691 315457314
222602900 88642471
687113494 337566239
241610910 65323395
496628158 593553740
50635802 717618162
290334265 559102091
132300602 311966096
428060652 359163758
965468425 698150477
921120951 602314678
323539986 287681189
92605741 5240973
332575845 773207022
352024023 343871102
349681163 467446437
474219244 925976979
981655131 25273263
483356850 411261399
555541835 553406311
308536844 735840964
581934579 671398065
102114380 466693684
232915473 939498811
905897546 194761897
656732972 823756714
251914673 951553311
418246735 19978141
672444271 346489344
25259491 120933619
31 940219763 247873200
254286518 615075379
362426478 482488558
30547177 25793576
867194491 429783600
826856988 376148577
289733903 736938997
534060438 696043695
400459470 977639770
519469598 373007977
550969432 217062896
291278182 819121802
908414154 462886824
981935635 549431801
703771092 734876137
396236396 179097061
216823165 480289219
530684319 782551623
597956973 173998398
203982764 930510475
740444150 443313613
876911087 144716870
96911523 504169439
900070477 115809320
95164537 616033171
942859001 969293037
518751184 953481867
83289315 166934668
290127816 389805785
277866686 72573811
559031657 404215574
432106 851325021
34 215885449 90064277
265533249 710763172
906087121 358918421
231205291 213162019
82329134 874223564
733149630 402619886
79060387 342938561
76910436 274452391
820111181 502537115
274644261 196546430
783258588 245956808
539134123 768927271
315714704 540925374
48511186 511173099
479274470 41805410
545262440 854172382
38126311 643054717
344396926 92796966
500541709 416008298
222995314 244271226
226900688 475617657
60352205 216543903
911465442 568712028
433028566 478352879
882548942 190364680
212246754 867920969
546825686 958913729
877524516 893177421
616833393 41740783
357991532 626118189
686197603 700506040
863744198 521110805
909649712 10866971
112376340 704678855
680432458 568610022
43 31216382 359138792
74647114 531958901
378679865 968368387
698592191 504330878
636554008 576361085
6581620 790208042
773682043 353939551
426695024 559087417
378540363 470633729
825886160 962897070
555576196 872721288
388377500 125688842
595433597 494551604
2200839 522286857
948487960 4002871
774792557 799326397
908806893 32412342
424848821 917600900
876958761 331866772
610708675 687679295
396470015 156862312
560987772 410600057
827104656 716193656
319518178 87966925
934192479 774938305
910277746 894725489
905840980 584903068
708266344 86414367
778642054 212396537
822503715 732090383
452130637 959878721
785903650 461295588
282827971 110998803
583948474 882295233
232585172 589650548
430504695 482383438
481729697 440977807
499900360 466806861
346815998 963520000
930559772 676130693
986796789 413103242
250281397 299859228
290292789 299513598
322732573 556111267
28 854751645 187672122
469732801 504145668
371102747 327987488
429161981 12652210
681697475 8782475
448092592 114115161
83549115 341086727
516310809 471357387
746163298 811718035
590370955 29716334
327860429 626495689
455545650 756466484
552482410 85615628
285076219 13887258
877822583 965383209
273810417 139863948
270804499 714137533
963116789 660042962
854227290 585604303
373322292 387073345
590102301 927232682
244705802 70873277
312723070 178703743
232919778 498753805
670217102 50499048
967844927 374352574
831146426 305150801
371978235 314102997
886305580 32646158
27 406687329 236230761
580503197 927631645
355504054 263043441
362655529 588724084
427450513 886480076
30706613 652663209
320933486 19020712
140345573 899203084
981622801 359712331
573447335 190377779
87810795 969898059
486620134 462104347
166097682 768065015
465402216 49513964
845439801 306866194
48965415 91461924
184400279 967160256
901650063 770965363
47528873 324028844
599581549 348094101
529684755 458343576
971352902 220891228
37850945 453123371
509047568 635617503
673243806 421892743
645215699 970381457
382522028 337627436
153228529 432996854
40 28613857 472507475
564702762 28033900
194785184 368685175
655237054 603995706
338473132 923916453
694844127 43616815
380841823 90624166
620898141 900749417
890024963 978444637
146868753 678847867
190760816 476285560
321966584 574501953
953261058 990567989
203449835 801753205
496357548 20655249
855685144 788286410
654655379 824079670
246177709 114079553
648052373 441318785
218283062 324269186
48358411 980849645
636225016 638144992
561326242 49614641
131042965 987032756
668480596 460869606
434398618 36450
503738898 27836044
357025453 332720673
927612872 889308841
955645917 541043807
555819542 261688298
112301643 238449711
883210111 196663464
930643789 68030458
1562500 780988530
203767302 738457422
288437340 650020854
957454181 716543903
832450729 788566684
924883014 63643778
207078417 833993396
28 37159366 581022200
627275140 569107245
775003017 978632837
558556263 60740149
110018418 490991722
37175196 123882648
858495369 869305762
169077161 649929327
655763820 167451501
160382370 209590974
995934046 25109185
287377466 924946494
757857176 581575114
446262000 477836226
512290317 763045599
316304844 537958621
300351229 658941713
97745126 57069762
671769224 841586524
965780296 214565502
390071642 545737319
69454317 570301132
837646978 590993641
877828501 444406371
916175614 429591302
12068544 508740908
138207573 777331276
730278906 340900178
116909130 128864239
19 337242436 268338636
407500917 638307941
98510008 60189854
453473769 194932167
32480371 931660131
9513695 652775174
961086693 867593736
573130740 394559393
592134806 406173690
994630446 619684624
414460158 156148794
31331588 260798822
93914331 627043612
726746769 467887781
622908087 711158683
590834417 158993806
748331609 658729329
98157958 874972718
109489198 101889760
139508444 970540148
13 635934188 465668832
931428557 781249531
285162320 82766615
893287599 425657876
446759061 493443199
87228014 326396075
828373416 949054704
978831874 22653476
904748857 688098460
955547487 314446308
999294865 96284773
717761490 157952043
622216757 889967753
668363484 100394457
10 413625349 207305908
851021706 920701255
503892658 392198299
268018621 467186824
88861527 620882050
638533907 561916341
365841982 136446501
694023608 26777172
708305268 602003585
798769756 778360777
145922353 686607583
30 180241346 712287292
898969734 775072679
795121013 715079654
643602422 556730474
203041934 992564314
742464379 695715658
638693532 37675822
426476637 653227323
791556042 935511711
315702308 137111103
178340623 246111575
579055431 356780018
448641630 877470066
318912479 162766650
873837526 246653506
444175914 189075576
493680835 364601838
689616253 363391547
595713263 610572791
342221835 999508683
103598817 777685543
536030645 256318366
894095881 49106686
213071202 314505988
36572624 478629682
889741468 672758257
823046276 487205473
358290688 632577793
388610795 993564910
732532051 876655546
857989855 655491571
3 887669021 719565836
927250690 837385457
467553106 479002844
776461880 281298042
13 383373119 480536566
394401852 728502312
975538890 642324377
607387902 555801356
431516446 303037100
315991753 905025380
826043870 730212256
669258476 837718917
383747945 818549231
725306508 129474922
825435101 76314883
149073509 166174416
727605090 229250788
834177432 832327159
33 132277741 883146537
487626235 563851371
757313190 93619791
873991030 955682754
222741954 400867745
134209426 796020496
762576606 869907888
883252054 174645489
792900065 295525726
205810417 680260405
793048284 9341957
844582005 853739554
280671797 665303865
382536334 767264659
900299258 554051175
496273295 630474299
622733568 905867995
966982934 870019338
24662944 976872186
70877789 780083881
649300998 43305620
228484384 408588064
662334004 173656147
598329127 769932695
913276828 847580238
164879472 204435001
216912315 759459833
984556085 910743030
178529730 895696174
380466143 142895128
773153134 336411117
573585138 109671524
843783867 345849081
129268819 654109908
12 53262787 592853130
119094103 231567678
475712531 803011025
313530573 653665360
764516442 728872363
869087297 947960376
32382874 20997784
468565995 316993892
609454701 994634212
773110016 733318774
451233825 541689129
532896941 128607583
790693368 747487078
2 803971318 539615164
100593608 458076495
279614323 28596676
43 742294176 124156558
678852489 164252259
555288263 530681373
263805734 935909053
21698684 230308859
437011030 109334824
35555377 359058319
101090038 301816861
686872060 524840446
72111722 112436442
655025457 484933148
152134548 354581139
720670725 855097137
106204316 984690318
98834465 403816003
548859384 700030259
992777008 655580100
396612894 876788037
867318144 627007493
428777154 567340475
260188385 462818445
889471401 176211412
561573654 2341229
165478120 611106638
728708224 254842523
389134226 347652160
244816749 351932418
614699024 145933716
561130540 173591718
532988533 678954490
362264234 532337819
463249392 719718255
906100903 644389723
182983527 957495124
251903350 417446128
685628307 461972450
724315251 757166363
225860433 557085460
752220234 236498539
882098611 765503945
886447350 709589154
421398574 470923504
411062664 467336939
954437590 844498429
36 86744364 123135325
501484949 408346526
330909808 644451721
943770191 34760919
289932934 32683113
421054355 833602612
683396777 729094943
572464793 413823188
26295636 162547269
700876181 935352120
618797820 30167281
72128320 115218761
328691857 967777457
482733331 944596977
754451658 621828084
232362343 927487187
960877720 75195917
614783771 757416127
828925180 495998145
474888265 894029243
683494368 162831713
756126638 814775511
494902889 299375427
11636822 602611816
180580930 442805146
992794513 522161692
8165852 134982543
924901897 504802718
811899093 121886201
345153510 319410659
727069814 903912634
404451374 189719822
197550167 713845689
16873269 172032286
491698554 381231655
492531346 592045924
107947347 520637377
23 813583543 235097430
419514403 108990317
615686333 28700086
359073213 196030985
957186157 703337461
549442919 597490571
861714817 2681228
287969427 406457834
63546966 767341700
14492870 746649603
652962899 221759384
205998100 536445861
874703392 3864384
51732063 183945899
535863446 150333672
715403934 782389441
664585477 783172265
28767377 356305918
882278324 849003145
596148870 225178597
655502474 639022807
413896484 289236391
454699602 818467503
305798323 217661293
23 470401689 434122275
960496327 599418523
113148239 751839651
806880839 21746076
758697627 647721174
175462956 639809925
454069340 44291763
477727286 175872231
852910508 454350076
410841752 749797396
480487956 762828632
798109194 721870541
956265726 880941072
174724862 201444497
464124204 816555620
508061165 373707127
375764580 77533319
55424200 341745615
539586342 413863228
715927440 617153079
491780756 142856973
158131823 912946982
635081346 915055814
551856488 296625101
38 793133083 237561073
171374719 463298701
478450197 563713447
687074387 750950084
45915078 822237181
911125767 373231578
278495610 944553337
513120071 29085670
24660480 523953140
340615431 59924774
770764885 962532186
703322118 715197385
227123367 739931532
857651115 255047254
363161475 319168471
484024295 547534013
290865412 308480012
791981399 416602617
851003973 338621758
158689899 528768606
289437918 815562261
4432320 889845894
266029699 800727249
533496713 206203089
900019397 485634780
712893995 926673309
515323645 304411661
574872040 650312197
582126150 682265976
306892725 605572941
391496094 989221359
810738468 86293232
329286706 595557910
951906693 796402504
352214449 688835110
966707208 822274776
243979995 809220412
323148058 324737073
599984669 366060243
25 768020053 251259148
29532805 531851473
560924595 814774142
325981044 838557590
872429242 588960896
44054691 969454426
673359714 193391847
857159115 784184229
744099504 650068330
919869101 849023097
213925813 252987296
790474270 478925833
774038046 979321745
414198513 790516841
929073403 785481110
422873494 578960277
231840245 390180249
863566848 947701865
658024293 298091576
112446075 782734903
185986671 791293472
118544852 679977325
469398510 890992008
372591709 65146567
12513597 303855334
661101103 711098125
30 834298315 566754646
123070879 345524108
338368543 22154605
215945100 706918626
679676477 565913046
491914726 179140751
564313521 203674162
351466303 882197907
563820137 182713038
743678572 441569603
226320355 252925539
759113867 659775675
94366228 169966000
688226804 113733132
923542754 69348646
617896504 746990286
886550916 473446890
230239418 161869317
88990702 643770077
479283595 649229739
413768925 811816700
213949172 691961638
113392483 81371872
275550821 304452547
778275492 561749122
47107433 291248250
633116559 308371727
329889896 40387454
910025236 403065142
2966759 63163681
61045583 629300115
50 623841894 885585428
779361854 94600157
205589295 975940480
250702417 729293486
203001661 167784862
19627960 536113707
529158101 349802674
534163152 50818630
90246245 938665264
48848936 759684551
776171771 480806343
781028669 476776187
495139355 738302780
630156639 489854206
9755457 281732944
262238412 649166167
897543157 271773166
674500408 323658191
515703138 158597672
337021303 985758016
455558073 152848375
849585542 717412422
977130066 766542482
425166864 639386600
125326776 189724964
929783630 990894460
744790661 926974404
164653725 500318471
649938613 822634081
681334083 255773370
802406614 675385574
847696376 245349983
336345216 253012178
820731972 439794655
840507427 75251257
401419798 429582889
427917944 792806797
336877117 877127647
418003729 765694041
804315733 349661298
140705724 462665146
263304922 31676764
434898654 931252467
412018334 132391052
594438126 747786461
113924583 172704703
418579699 243188768
872348683 403363128
768327040 287648147
397697964 269695470
552688689 479537723
40 715571675 76117998
108376114 973179998
36586423 665773569
201693595 195132476
376615613 997401039
813481639 204989431
637082631 976858865
842456701 955635131
755726452 724711747
908080150 578331364
493212496 104937143
666495291 198088680
548067364 567918011
518222256 42550724
285731249 49596985
255339116 795065113
316381182 525042516
234376965 895491310
16621955 513598881
767501099 292042496
751121286 175598616
304664139 177782715
140688775 668638625
972137811 824255970
22853587 721257784
656819348 474646969
241696057 561254073
755728837 925258726
601481170 248675356
902225388 554920705
117053045 974631071
378159174 806574202
957112485 931447930
245006364 539389317
441861789 245156632
187656295 942840831
908586165 925757602
652725724 834157081
607785457 474978441
130460306 725921906
404662427 836893450
40 751120525 213480197
209096855 544164160
296767583 106569403
482597048 371209419
989879252 123178515
501611830 762669414
300465790 753273617
888866726 238711419
146214769 932648744
328397975 775346903
157423595 245587200
152620912 19267370
438686370 661016341
649504707 471696063
50037454 674089075
354028574 904624216
603313040 658561220
755726480 989252630
558244866 770498205
933016764 319079055
521133012 105073629
952726418 822165254
921169576 432919600
30478000 485777585
776379370 967848877
378571094 33453361
156815725 161237406
414728958 856590375
179604608 66482015
881660832 134626277
510730696 374964577
714268033 544126776
636960166 389957703
933289138 477049443
891575611 73415215
985471021 183068466
807779866 857927699
27758726 335531041
103277711 839371590
28128849 856099517
724925575 779472664
32 524907269 15024923
43209373 858566103
5859853 998647996
75512458 785408639
141233062 462288381
609069881 265824899
841301808 913301699
605010041 155504526
205370205 178484565
551544112 677916733
99309852 454659964
670696316 949253037
431696567 823711001
502011299 870091259
274589199 741926041
480983449 1637101
206510818 945598221
146903647 655723151
433528251 905184945
379026377 214220471
881846853 116733243
904162783 345903802
651887580 581178201
787174897 410294750
575937590 593861900
835749437 64284544
640153048 268046707
265301736 372758430
851455593 262351670
234968775 575993904
453315282 602220878
244997557 302172833
78180136 358606868
9 336642575 817739238
313840947 196933043
368118908 167741474
235591483 486323785
602817422 129399334
498123239 585077318
958632865 640239132
352212600 520779310
941423097 347653974
16665660 731122192
6 336781107 248908907
286745615 679351491
529452232 835526883
581955159 444646334
124373690 885245539
965594173 183259780
936125984 276727049
12 316960611 832711806
835076088 749089001
866259128 549043996
968893053 900160258
801357957 118197330
70683331 35878566
66138827 150675737
566751281 725833632
653356137 36374182
786849114 581106808
350054065 528158770
528920489 549369093
275300741 201242763
46 444413483 440440708
836074574 673044571
534203569 520877900
306545203 923399680
506550644 782945433
782289117 723590263
740674543 628121747
309460640 774607682
41732063 860068709
522513474 616858677
50231658 59750577
787006609 691955824
463340320 311265838
685043119 610764669
209435479 162662244
298054856 298927382
504760331 644153282
466300231 704507148
801833388 671049459
647174318 839749558
378518567 762551156
97742065 459496621
781233715 762621176
284284069 147871362
596890742 985674885
843089004 606876157
228940374 571851366
698198102 81428310
545946994 335453979
957946852 179124841
678823244 343515893
855620333 806365765
987915796 919046679
119435676 648644743
107113241 304125134
894618639 110584265
630364418 195800977
344648464 564574402
36883080 570213341
296412601 249604666
209415223 166754720
211732980 122309882
114281571 322194435
172345857 508527909
810272300 337285980
905758696 393493110
352564095 588273922
49 256695127 815773252
409030062 255202353
512345870 731165297
89534352 932946624
194046632 790194702
563351375 467547044
308477854 405360943
813227710 276642805
719196828 324220128
39118689 58358029
243279288 325268623
988031080 462624477
393934735 745109059
842841514 502015047
586490449 632538750
251095220 863351126
727297002 432692061
450074107 478020993
987085145 241408435
312154834 860804265
400701162 299650146
66845697 507991677
134179197 19627067
281081436 692597104
338337021 662492303
549990277 863301968
584054263 117188179
924966610 626326404
649107524 202699243
540162635 87172324
247300317 224119195
567563729 628106546
578088539 603616828
357841234 59160675
87021915 644326025
636284136 326971837
219780159 769352634
656272327 597774564
570320405 302996105
177824575 356457330
296555095 425672264
185792126 615262594
56375922 501127485
731297623 50650557
224770277 713868459
555036925 929640014
209850621 436502333
359994165 889861971
202296538 564469207
233213339 421425868
1 916277952 568797673
500909334 810285930
18 106814183 361016833
92422963 290189957
351420971 555811908
222540285 281090622
74581753 94066534
317623780 807743932
36343382 552107473
909945736 526081396
682613535 938720366
244673756 19001466
739115071 436853345
68861788 383836447
734556136 886267290
749033068 607718022
706902532 38579412
207591740 89312300
319836210 566920427
309569319 622390491
396440144 873688331
24 326883495 144292886
761983326 203742718
478380968 235783607
282695284 35354342
323773106 402515922
623078695 4902565
454344536 213461004
660624924 329927013
642938059 199028612
133537709 191092094
237234152 353453860
174021792 739795832
683200181 620065846
386995561 109823152
853574432 242474941
8110023 369856048
452096074 620137238
635337611 630445450
692896778 821411012
29474546 597375368
972358418 460463040
689681375 989744443
299742020 549426404
144378101 195998507
482012911 614244535
23 604320076 403956722
291918734 829868314
465597871 709312903
700529286 375351989
343599940 202537702
23468024 509994357
193819126 793613624
912652034 355635527
16819691 854538345
523834028 391377829
453814680 759762619
809236048 767326407
504220656 418388195
104013798 878820470
397130308 820853713
800073612 505166637
957939922 100888549
193938610 997346284
13266742 414940417
180868492 176924907
41931729 226124664
449492491 976777428
180934887 589428256
688562576 986586673
27 977026956 406616887
268625125 427271461
3817556 379453119
626914260 691855617
747635852 21844497
509775519 214014041
743149650 23866731
170590088 982645848
427369355 725852209
629801340 426428103
707689040 279304847
143259799 545751623
114111041 370838987
276230121 326394858
552592264 525732074
460262720 594423599
492932892 260431112
380347206 794360491
625275700 926333852
853527115 565813773
740228481 472986143
669105705 281565296
968423891 999154336
608064409 674202826
564679081 374411078
946564163 353410310
977058072 443648926
759274902 387125471
35 691204923 258080139
942091057 474532880
871898586 607807639
314386931 305562661
384957984 647954557
982121076 15835871
322124508 10367028
372336498 868094589
787501680 242188200
763719380 351675402
909665312 394116107
748932415 733186084
512699485 563312006
95357210 776709190
246895264 429981746
305757821 56267557
847602837 315386830
389782375 512170063
866648031 358180497
217253032 958411202
283013793 47152113
100623061 399329481
278128047 472546128
689377038 860688504
624674259 891467923
834621349 383804240
91806577 275849314
131687474 449446500
251701892 363692338
517560891 404423587
883297947 68040091
360213993 471762539
402264676 73988134
738428881 891939855
87974739 579653030
10262075 421449022
13 259968893 676859401
876982060 338720589
602720514 404360788
399852083 663975180
993967501 426931154
4757506 64382765
921592826 842162359
66842656 990095441
282728609 406802174
8825403 735513761
765314352 870468183
775446228 937746124
553199901 528302761
698809339 137733274
23 757969737 115586607
253918513 486741178
883748199 130830051
928094112 726787351
145099310 360985265
408360226 824696040
374379359 398079695
765641195 322148147
232266806 531718131
490882841 645099345
540303012 621993437
940057156 311968164
162943935 993004138
807919769 307069584
311289991 49953092
22048028 519598180
946585245 295505700
359711953 931958702
39733390 326524732
93426739 902620574
633690873 914453727
76813671 303630414
46357652 656503101
7870555 822317666
3 813211106 451758413
498152881 436239192
46589061 752792310
886815555 744930837
18 210815888 999637792
243587447 533425043
921089921 700678182
166597061 122721961
787923566 856922880
451157095 950887419
336283729 580720664
407243196 960534595
211361305 337216098
144243386 605449802
563914505 981697767
240588331 617287306
994604212 248489794
466301962 423834922
85861714 792799697
926748640 540113745
450613739 648844010
834265498 85703116
30465024 440540205
29 952940829 492980256
517146519 251545114
354054187 186206186
204781951 428192257
515282301 419798599
312590910 776906485
937130053 550503677
577865132 416886844
244960785 629232947
506732357 538868478
208237559 530014659
920462200 207814770
518881791 348200268
572734570 680054949
440640570 669734713
573935155 400706739
129836192 671111443
769462248 649571037
704849586 261181917
619128935 806793152
628393933 278534037
666239649 887334044
730969620 714991318
916224924 341266641
206980080 898313372
218709515 847470185
574760004 30113744
351391028 473293046
90576763 913622685
957802381 101837558
28 865173395 625756883
93917367 993358174
164037028 912879590
173174737 986172456
198321232 963177837
615256700 171649079
318892078 974031585
692025570 508282126
695847609 308019826
194038071 939486634
594719599 221757493
465973630 330266484
588148192 112465176
903058120 197874716
655958043 29012987
248732851 987665534
979171756 78464760
784502404 799630015
175594833 456523460
843516894 518062459
629539140 781718062
666546462 440023577
736653340 840516946
776949815 63062621
152924056 967343068
766516802 294284457
814765332 293261726
974501670 72871032
514960658 7772643
9 476711828 260705768
572672203 399176117
927495708 169800636
313826997 566133543
213045978 760082557
754251836 578882840
287092037 332278416
610353703 241350339
140079502 553851605
785075955 332044047
